0.106
0.1435
0.179
0.202
0.214
0.235
0.2555
0.2595
0.266
0.2785
0.295
0.3065
0.3075
0.305
0.322
0.324
0.328
0.3275
0.3425
0.345
0.3545
0.348
0.356
0.3665
0.361
0.3685
0.369
0.3735
0.3655
0.375
0.376
0.3775
0.377
0.3665
0.3875
0.3815
0.3855
0.379
0.38
0.3925
0.3955
0.392
0.3955
0.3915
0.399
0.386
0.395
0.393
0.4125
0.4045
0.407
0.4095
0.4205
0.412
0.411
0.412
0.418
0.417
0.421
0.4265
0.4135
0.419
0.411
0.417
0.421
0.4245
0.4325
0.4335
0.425
0.4215
0.4315
0.429
0.4385
0.4365
0.4355
0.442
0.4375
0.4355
0.4435
0.4345
0.4405
0.442
0.4455
0.4445
0.453
0.451
0.443
0.445
0.455
0.45
0.4545
0.4545
0.466
0.4695
0.4545
0.467
0.4645
0.4565
0.4665
0.456
0.4735
0.459
0.4675
0.472
0.467
0.4685
0.4725
0.469
0.4605
0.465
0.4735
0.4695
0.48
0.466
0.466
0.478
0.476
0.482
0.471
0.475
0.4705
0.4685
0.48
0.492
0.491
0.487
0.487
0.4865
0.4915
0.4805
0.4825
0.4885
0.4875
0.4885
0.4895
0.492
0.49
0.488
0.487
0.492
0.494
0.496
0.4905
0.5055
0.497
0.497
0.492
0.4955
0.4965
0.4845
0.4955
0.498
0.4945
0.493
0.506
0.497
0.505
0.4975
0.4995
0.499
0.4965
0.496
0.4955
0.5055
0.501
0.5055
0.511
0.5105
0.5135
0.5145
0.515
0.5065
0.504
0.5185
0.5065
0.5205
0.5175
0.5105
0.5175
0.517
0.514
0.5
0.524
0.515
0.521
0.5145
0.5225
0.5235
0.5165
0.518
0.518
0.517
0.524
0.527
0.5255
0.52
0.525
0.526
0.52
0.5245
0.535
0.5265
0.522
0.5215
0.5245
0.53
0.526
0.538
0.527
0.5315
0.5375
0.542
0.533
0.538
0.542
0.5255
0.5395
0.538
0.5365
0.5425
0.5365
0.542
0.5375
0.5365
0.539
0.5485
0.5515
0.5475
0.5405
0.5445
0.5505
0.548
0.552
0.553
0.548
0.549
0.554
0.553
0.5575
0.549
0.56
0.5505
0.5625
0.56
0.5565
0.567
0.5605
0.5555
0.563
0.564
0.566
0.5685
0.5655
0.572
0.5685
0.5705
0.577
0.5695
0.5675
0.5685
0.571
0.575
0.5685
0.5725
0.5735
0.568
0.5755
0.575
0.573
0.578
0.573
0.5765
0.5745
0.581
0.5765
0.571
0.581
0.5745
0.577
0.579
0.576
0.5805
0.5785
0.587
0.5845
0.574
0.582
0.589
0.589
0.5935
0.5855
0.5845
0.5875
0.5875
0.5865
0.5865
0.596
0.587
0.5895
0.5895
0.581
0.5945
0.591
0.594
0.5885
0.592
0.589
0.593
0.592
0.5995
0.5945
0.59
0.6035
0.5965
0.5995
0.605
0.607
0.6
0.601
0.606
0.598
0.605
0.603
0.6055
0.614
0.5965
0.609
0.6075
0.6055
0.6125
0.609
0.6095
0.604
0.612
0.617
0.6125
0.606
0.6135
0.6085
0.608
0.611
0.6075
0.611
0.6065
0.615
0.613
0.607
0.6185
0.6175
0.6165
0.6085
0.6095
0.6105
0.6165
0.622
0.6195
0.614
0.6165
0.6205
0.6225
0.6255
0.6195
0.6175
0.623
0.6235
0.625
0.6235
0.625
0.628
0.6175
0.621
0.6245
0.624
0.6265
0.6305
0.6215
0.6265
0.6235
0.633
0.628
0.634
0.6335
0.635
0.6335
0.6345
0.6285
0.634
0.633
0.629
0.6365
0.6275
0.634
0.6265
0.627
0.6375
0.6285
0.623
0.6325
0.636
0.6395
0.6325
0.6385
0.636
0.639
0.648
0.645
0.6425
0.6325
0.642
0.6445
0.643
0.6435
0.639
0.654
0.641
0.6515
0.646
0.6515
0.6435
0.6485
0.648
0.652
0.6515
0.642
0.655
0.6505
0.646
0.652
0.644
0.65
0.6485
0.649
0.6515
0.647
0.644
0.6415
0.6565
0.6415
0.655
0.6575
0.6495
0.656
0.653
0.6515
0.654
0.6605
0.6605
0.6605
0.655
0.647
0.6545
0.655
0.656
0.653
0.6555
0.665
0.6575
0.6665
0.6595
0.661
0.6585
0.6475
0.6585
0.6555
0.6585
0.664
0.664
0.666
0.6555
0.6645
0.6575
0.6565
0.655
0.6545
0.66
0.6575
0.662
0.657
0.6595
0.67
0.6615
0.66
0.6655
0.6755
0.662
0.669
0.6645
0.6685
0.6655
0.671
0.6685
0.665
0.6635
0.666
0.6685
0.6745
0.668
0.667
0.6635
0.668
0.6745
0.67
0.669
0.668
0.6805
0.6705
0.6705
0.666
0.671
0.672
0.684
0.6725
0.6695
0.6695
0.676
0.672
0.67
0.6745
0.679
0.673
0.6705
0.6695
0.665
0.6705
0.6695
0.6765
0.666
0.6715
0.6715
0.6785
0.6725
0.6675
0.6805
0.6805
0.674
0.676
0.6755
0.681
0.669
0.673
0.6745
0.679
0.6805
0.6805
0.6715
0.678
0.681
0.678
0.6775
0.676
0.6815
0.679
0.6675
0.6765
0.6845
0.678
0.682
0.678
0.679
0.678
0.686
0.676
0.6865
0.6815
0.683
0.6855
0.679
0.6805
0.6845
0.6755
0.6795
0.686
0.68
0.69
0.681
0.6805
0.676
0.6895
0.689
0.689
0.6875
0.6815
0.6945
0.6855
0.682
0.6895
0.6905
0.6865
0.6915
0.6835
0.688
0.696
0.691
0.6995
0.693
0.7065
0.6935
0.6945
0.695
0.6945
0.697
0.7065
0.6995
0.702
0.7015
0.699
0.703
0.712
0.7035
0.713
0.7025
0.7035
0.71
0.7055
0.71
0.702
0.7085
0.7035
0.7125
0.706
0.7045
0.7025
0.7075
0.7075
0.705
0.7065
0.711
0.7095
0.7175
0.7105
0.7075
0.71
0.718
0.7145
0.7065
0.7085
0.7045
0.7065
0.7135
0.7085
0.7115
0.7165
0.7075
0.723
0.7075
0.7145
0.713
0.7145
0.7165
0.7145
0.7165
0.721
0.712
0.7165
0.71
0.722
0.7135
0.712
0.719
0.7075
0.716
0.714
0.718
0.7185
0.7185
0.7215
0.717
0.718
0.7165
0.725
0.7265
0.715
0.715
0.7175
0.716
0.7225
0.72
0.723
0.717
0.7155
0.72
0.713
0.716
0.71
0.725
0.7205
0.7195
0.715
0.7215
0.7295
0.7135
0.712
0.713
0.726
0.72
0.7225
0.7225
0.7195
0.7235
0.723
0.7285
0.7135
0.722
0.7265
0.7275
0.725
0.723
0.7265
0.716
0.715
0.7235
0.7205
0.731
0.7155
0.7235
0.7215
0.7315
0.7225
0.728
0.7155
0.7235
0.724
0.7265
0.7245
0.7275
0.725
0.7215
0.716
0.7365
0.728
0.73
0.7315
0.734
0.731
0.723
0.73
0.723
0.722
0.7295
0.724
0.7295
0.715
0.727
0.7265
0.7315
0.719
0.7235
0.7255
0.7225
0.733
0.7225
0.7335
0.726
0.718
0.7325
0.7315
0.728
0.7355
0.7245
0.7325
0.7385
0.7295
0.7255
0.734
0.729
0.731
0.734
0.7295
0.741
0.7325
0.7305
0.735
0.7345
0.7375
0.727
0.726
0.727
0.7285
0.734
0.742
0.738
0.741
0.741
0.738
0.734
0.7305
0.734
0.731
0.7395
0.729
0.734
0.7415
0.729
0.739
0.7295
0.74
0.736
0.7305
0.745
0.733
0.741
0.7395
0.733
0.7345
0.744
0.748
0.742
0.7335
0.7375
0.7395
0.745
0.7425
0.7345
0.7365
0.7455
0.7325
0.736
0.7415
0.7345
0.7305
0.7345
0.742
0.742
0.7365
0.734
0.743
0.7365
0.751
0.7375
0.7475
0.7395
0.741
0.744
0.7425
0.748
0.744
0.745
0.754
0.7435
0.752
0.742
0.7425
0.7405
0.7375
0.7435
0.748
0.755
0.742
0.742
0.7485
0.7365
0.7355
0.741
0.744
0.7365
0.7365
0.745
0.732
0.7445
0.7365
0.748
0.7465
0.7435
0.7435
0.744
0.7405
0.7435
0.751
0.7455
0.7355
0.741
0.7425
0.7415
0.756
0.744
0.747
0.7465
0.7435
0.744
0.7485
0.748
0.743
0.746
0.747
0.744
0.7435
0.746
0.75
0.7505
0.7555
0.7495
0.745
0.7485
0.7495
0.746
0.752
0.7475
0.748
0.754
0.7465
0.747
0.749
0.7545
0.7525
0.752
0.752
0.749
0.76
0.7535
0.751
0.7515
0.754
0.7525
0.751
0.7415
0.75
0.745
0.746
0.7505
0.753
0.7405
0.74
0.7445
0.749
0.7435
0.749
0.746
0.759
0.7445
0.755
0.75
0.75
0.7465
0.7465
0.745
0.7455
0.753
0.748
0.744
0.7525
0.746
0.75
0.749
0.7535
0.756
0.7545
0.749
0.755
0.7535
0.7585
0.752
0.7425
0.7555
0.7535
0.746
0.7565
0.7615
0.7485
0.762
0.7585
0.7455
0.748
0.7515
0.7555
0.7475
0.7595
0.749
0.758
0.7615
0.7455
0.7445
0.7525
0.7555
0.751
0.743
0.751
0.7525
0.75
0.747
0.7465
0.751
0.747
0.754
0.7415
0.749
0.7515
0.75
0.747
0.7575
0.767
0.7565
0.7485
0.748
0.7525
0.758
0.7495
0.746
0.7595
0.7595
0.75
0.7585
0.7605
0.7495
0.759
0.756
0.743
0.748
0.7665
0.7555
0.749
0.7435
0.755
0.7495
0.749
0.7575
0.7545
0.753
0.752
0.7575
0.756
0.759
0.7465
0.7575
0.7555
0.755
0.753
0.7615
0.758
0.7505
0.75
0.757
0.766
0.7525
0.749
0.75
0.752
0.751
0.7565
0.756
0.7555
0.7515
0.763
0.7495
0.7465
0.7485
0.762
0.7605
0.76
0.743
0.755
0.7615
0.761
0.76
0.6855
0.754
0.7625
0.7565
0.751
0.762
0.7565
0.755
0.7665
0.7665
0.769
0.7625
0.7575
0.764
0.7645
0.7615
0.759
0.762
0.7655
0.7615
0.7595
0.763
0.7615
0.7615
0.763
0.7635
0.762
0.769
0.761
0.7695
0.7595
0.759
0.7625
0.7725
0.762
0.762
0.7635
0.767
0.7635
0.765
0.768
0.763
0.7555
0.759
0.7665
0.7595
0.7635
0.7635
0.765
0.7655
0.767
0.769
0.769
0.7675
0.7655
0.7655
0.7735
0.7695
0.768
0.7735
0.764
0.7685
0.7775
0.772
0.771
0.749
0.778
0.7705
0.768
0.766
0.768
0.762
0.7735
0.77
0.769
0.7725
0.7725
0.7715
0.7665
0.78
0.768
0.7735
0.78
0.7785
0.7685
0.7615
0.77
0.7725
0.7735
0.759
0.771
0.7685
0.763
0.7635
0.7645
0.7665
0.7635
0.759
0.771
0.761
0.7715
0.768
0.7615
0.769
0.7655
0.7745
0.765
0.7715
0.7635
0.767
0.7595
0.7535
0.7725
0.777
0.7675
0.765
0.7615
0.7665
0.776
0.763
0.7655
0.765
0.7685
0.7615
0.76
0.7665
0.763
0.759
0.763
0.7505
0.772
0.764
0.7535
0.756
0.767
0.7595
0.757
0.761
0.765
0.7585
0.7565
0.7635
0.761
0.758
0.7595
0.7605
0.7675
0.7565
0.76
0.764
0.765
0.759
0.7645
0.768
0.772
0.7615
0.7655
0.7685
0.7695
0.7705
0.7575
0.751
0.765
0.76
0.7665
0.766
0.762
0.7635
0.7665
0.7745
0.771
0.7685
0.773
0.754
0.766
0.7645
0.767
0.766
0.7635
0.7525
0.7635
0.766
0.7645
0.7635
0.768
0.7665
0.7675
0.767
0.771
0.7645
0.7645
0.761
0.768
0.7725
0.774
0.762
0.7655
0.762
0.755
0.764
0.764
0.758
0.773
0.76
0.7585
0.756
0.769
0.7655
0.7725
0.7655
0.7735
0.7635
0.762
0.761
0.773
0.7635
0.7715
0.7765
0.777
0.779
0.773
0.768
0.768
0.7755
0.767
0.773
0.766
0.767
0.771
0.7765
0.7685
0.7695
0.7625
0.767
0.766
0.7835
0.7765
0.772
0.7705
0.7675
0.776
0.767
0.77
0.77
0.776
0.7765
0.7645
0.786
0.7735
0.775
0.7735
0.772
0.7835
0.774
0.7765
0.77
0.776
0.776
0.7725
0.7795
0.772
0.7645
0.7675
0.77
0.7675
0.773
0.767
0.7635
0.772
0.7695
0.7665
0.769
0.775
0.7745
0.781
0.7735
0.7735
0.7715
0.7675
0.774
0.7805
0.7755
0.7685
0.7725
0.7775
0.769
0.7665
0.7765
0.769
0.771
0.7725
0.776
0.7745
0.773
0.769
0.7905
0.7725
0.783
0.7785
0.7755
0.776
0.768
0.77
0.776
0.767
0.778
0.7735
0.7635
0.776
0.773
0.7635
0.774
0.7715
0.7705
0.774
0.7675
0.7705
0.7775
0.7715
0.7665
0.773
0.769
0.774
0.7725
0.78
0.7655
0.772
0.773
0.768
0.78
0.77
0.7755
0.778
0.772
0.7685
0.766
0.772
0.7745
0.769
0.774
0.774
0.7695
0.7745
0.774
0.7725
0.7715
0.775
0.7775
0.777
0.775
0.7695
0.768
0.769
0.7725
0.7735
0.775
0.767
0.77
0.7705
0.766
0.767
0.769
0.768
0.768
0.7735
0.7665
0.775
0.7645
0.7665
0.7735
0.77
0.7825
0.771
0.7775
0.7835
0.7805
0.772
0.77
0.7725
0.774
0.7825
0.7785
0.778
0.787
0.778
0.7825
0.779
0.7725
0.7765
0.7805
0.7775
0.7795
0.781
0.781
0.7755
0.7795
0.7645
0.776
0.77
0.7615
0.784
0.783
0.778
0.778
0.7755
0.774
0.7855
0.776
0.78
0.7725
0.7695
0.772
0.769
0.7755
0.7805
0.778
0.7755
0.779
0.776
0.7825
0.7645
0.771
0.7775
0.775
0.771
0.768
0.7655
0.771
0.775
0.7685
0.7845
0.772
0.7695
0.7715
0.7765
0.7655
0.7685
0.7725
0.764
0.765
0.7695
0.773
0.7735
0.768
0.7675
0.7745
0.766
0.7715
0.7625
0.767
0.758
0.772
0.7565
0.753
0.763
0.7585
0.7695
0.7745
0.762
0.766
0.7675
0.75
0.768
0.769
0.7585
0.771
0.768
0.769
0.7605
0.7665
0.764
0.7645
0.774
0.7735
0.766
0.767
0.7655
0.7645
0.7745
0.7625
0.7685
0.767
0.757
0.775
0.7645
0.7675
0.7665
0.7695
0.772
0.7765
0.7615
0.7675
0.7705
0.765
0.7755
0.7685
0.7805
0.785
0.777
0.775
0.7685
0.767
0.77
0.758
0.768
0.7715
0.7725
0.782
0.7655
0.77
0.7625
0.778
0.7695
0.77
0.7665
0.773
0.7685
0.774
0.7755
0.7755
0.7715
0.7705
0.771
0.755
0.776
0.7785
0.766
0.7735
0.772
0.768
0.7685
0.7685
0.771
0.7715
0.772
0.773
0.766
0.7765
0.777
0.7625
0.776
0.7775
0.7765
0.779
0.7795
0.779
0.779
0.7735
0.7845
0.7755
0.7715
0.7705
0.7695
0.778
0.7775
0.7875
0.773
0.7715
0.771
0.782
0.78
0.7795
0.779
0.7655
0.778
0.781
0.7715
0.7715
0.7705
0.773
0.7715
0.7715
0.771
0.7695
0.7765
0.771
0.7675
0.772
0.768
0.7725
0.7785
0.7745
0.7815
0.783
0.7745
0.7835
0.773
0.779
0.7725
0.774
0.779
0.7755
0.7715
0.7815
0.7795
0.785
0.7685
0.7795
0.781
0.7735
0.7845
0.7815
0.7715
0.78
0.782
0.775
0.786
0.7825
0.7775
0.779
0.777
0.776
0.773
0.7785
0.7855
0.778
0.775
0.776
0.774
0.764
0.7755
0.78
0.768
0.784
0.7775
0.779
0.78
0.771
0.774
0.7745
0.774
0.781
0.7825
0.773
0.7745
0.779
0.7825
0.779
0.7815
0.78
0.775
0.779
0.782
0.7755
0.7855
0.781
0.7665
0.778
0.779
0.771
0.773
0.781
0.7685
0.7735
0.772
0.7675
0.786
0.7725
0.7725
0.7815
0.7705
0.77
0.772
0.77
0.7705
0.7645
0.7625
0.7735
0.7675
0.77
0.771
0.7725
0.768
0.7655
0.7665
0.7775
0.77
0.7715
0.764
0.7615
0.778
0.7705
0.761
0.766
0.7715
0.767
0.778
0.7705
0.7655
0.7755
0.7795
0.775
0.763
0.775
0.78
0.762
0.7705
0.758
0.7555
0.762
0.76
0.7655
0.7685
0.771
0.7715
0.772
0.773
0.765
0.7695
0.7705
0.77
0.7645
0.769
0.767
0.7725
0.7585
0.768
0.7655
0.7665
0.7615
0.754
0.768
0.7695
0.7655
0.7635
0.757
0.759
0.7555
0.759
0.761
0.7525
0.76
0.7525
0.7555
0.761
0.7625
0.7675
0.765
0.7535
0.763
0.7695
0.768
0.769
0.7635
0.773
0.7695
0.7625
0.7645
0.764
0.7625
0.777
0.7585
0.7725
0.7705
0.771
0.7725
0.7695
0.7655
0.778
0.768
0.7735
0.7705
0.768
0.7755
0.7735
0.7695
0.77
0.765
0.765
0.7715
0.768
0.7565
0.773
0.776
0.768
0.778
0.7705
0.774
0.765
0.774
0.7645
0.7765
0.766
0.7705
0.7725
0.7655
0.774
0.7765
0.7765
0.761
0.7725
0.769
0.7755
0.7655
0.773
0.77
0.7705
0.7715
0.765
0.774
0.761
0.7715
0.7675
0.7675
0.768
0.783
0.771
0.7605
0.7725
0.77
0.777
0.7745
0.779
0.77
0.773
0.7675
0.7695
0.7815
0.7665
0.7725
0.77
0.772
0.77
0.7705
0.768
0.7725
0.765
0.765
0.768
0.7545
0.7655
0.7735
0.7605
0.7715
0.761
0.7705
0.769
0.7635
0.7705
0.765
0.7645
0.7755
0.773
0.7695
0.7635
0.754
0.772
0.777
0.7725
0.773
0.7755
0.766
0.775
0.7705
0.7655
0.763
0.772
0.7685
0.7745
0.7845
0.771
0.7645
0.7705
0.7665
0.771
0.771
0.7495
0.7805
0.7785
0.7755
0.775
0.77
0.7725
0.769
0.765
0.7615
0.7635
0.7665
0.77
0.7765
0.768
0.764
0.771
0.7685
0.767
0.7635
0.773
0.775
0.768
0.7685
0.779
0.7725
0.7665
0.769
0.792
0.78
0.7835
0.7775
0.792
0.778
0.778
0.7695
0.775
0.7715
0.7775
0.7775
0.7825
0.761
0.769
0.7755
0.7695
0.777
0.7745
0.7675
0.768
0.782
0.7735
0.772
0.7705
0.777
0.7835
0.7815
0.774
0.779
0.775
0.788
0.7755
0.7755
0.7805
0.776
0.782
0.773
0.7765
0.778
0.774
0.7745
0.7765
0.782
0.778
0.773
0.7775
0.779
0.7815
0.7875
0.7785
0.78
0.7795
0.767
0.7685
0.7745
0.78
0.782
0.7705
0.77
0.7785
0.7655
0.7645
0.772
0.7675
0.7775
0.773
0.7755
0.78
0.772
0.7805
0.7745
0.7735
0.768
0.786
0.773
0.779
0.7805
0.7815
0.775
0.7695
0.7755
0.772
0.7765
0.781
0.7685
0.7785
0.774
0.765
0.779
0.7795
0.7775
0.785
0.784
0.7765
0.78
0.7875
0.777
0.7755
0.779
0.7825
0.7845
0.7785
0.786
0.7785
0.777
0.7745
0.7815
0.769
0.7735
0.768
0.7755
0.7765
0.7855
0.773
0.779
0.7835
0.7725
0.769
0.7695
0.775
0.7665
0.771
0.776
0.7795
0.765
0.768
0.77
0.771
0.779
0.768
0.7735
0.776
0.779
0.7695
0.7745
0.7765
0.7695
0.779
0.7735
0.772
0.7725
0.781
0.7675
0.766
0.78
0.7655
0.7705
0.763
0.7665
0.773
0.773
0.768
0.773
0.7685
0.7725
0.7765
0.7725
0.7725
0.7725
0.7675
0.7705
0.778
0.7775
0.7715
0.7715
0.801
0.766
0.774
0.77
0.7715
0.768
0.7725
0.777
0.7695
0.7725
0.753
0.7625
0.7735
0.766
0.7685
0.776
0.77
0.772
0.7645
0.773
0.772
0.774
0.7685
0.773
0.7755
0.775
0.777
0.764
0.784
0.772
0.7815
0.776
0.771
0.7695
0.765
0.772
0.7725
0.7735
0.776
0.771
0.7675
0.772
0.7715
0.7785
0.7695
0.78
0.777
0.774
0.7795
0.784
0.767
0.7775
0.7705
0.7735
0.763
0.777
0.764
0.771
0.779
0.767
0.7715
0.7545
0.776
0.772
0.7695
0.773
0.7655
0.7765
0.771
0.7795
0.76
0.7675
0.77
0.7695
0.771
0.776
0.773
0.762
0.7655
0.767
0.7765
0.773
0.7675
0.7635
0.766
0.775
0.7705
0.7665
0.771
0.7635
0.775
0.7715
0.769
0.7645
0.7705
0.7635
0.7635
0.7715
0.7675
0.775
0.768
0.7665
0.7715
0.7735
0.766
0.774
0.772
0.771
0.765
0.7625
0.7705
0.764
0.765
0.774
0.7605
0.769
0.767
0.771
0.771
0.765
0.7705
0.77
0.7645
0.765
0.7695
0.766
0.767
0.767
0.773
0.773
0.7675
0.7685
0.762
0.769
0.771
0.7585
0.7715
0.762
0.7655
0.769
0.7755
0.77
0.77
0.7755
0.761
0.758
0.7735
0.755
0.764
0.7605
0.7675
0.7555
0.764
0.7545
0.765
0.7615
0.755
0.7655
0.763
0.7585
0.765
0.7595
0.765
0.7665
0.7625
0.7735
0.774
0.765
0.765
0.766
0.7585
0.7655
0.768
0.766
0.7655
0.7785
0.7635
0.7635
0.7665
0.7665
0.767
0.763
0.7645
0.771
0.765
0.769
0.767
0.7665
0.7675
0.764
0.77
0.7685
0.7715
0.7715
0.7765
0.7665
0.7705
0.7665
0.7645
0.7645
0.77
0.7685
0.763
0.7645
0.7615
0.761
0.7665
0.765
0.7595
0.76
0.768
0.7685
0.744
0.7615
0.765
0.7685
0.757
0.759
0.7635
0.7635
0.765
0.758
0.769
0.7605
0.766
0.776
0.7655
0.7635
0.7635
0.7735
0.7605
0.7585
0.757
0.7665
0.76
0.7585
0.762
0.7575
0.7585
0.759
0.7595
0.762
0.7665
0.7685
0.7605
0.758
0.759
0.7555
0.7565
0.7615
0.7615
0.7555
0.7615
0.7625
0.7645
0.752
0.75
0.7635
0.758
0.7625
0.7565
0.754
0.759
0.7645
0.754
0.7555
0.767
0.7605
0.7615
0.764
0.76
0.7585
0.76
0.77
0.767
0.767
0.76
0.755
0.762
0.7695
0.7685
0.7715
0.77
0.7725
0.7685
0.7725
0.7645
0.7745
0.765
0.7595
0.769
0.766
0.7635
0.769
0.759
0.7605
0.7655
0.764
0.758
0.7615
0.7765
0.7525
0.7645
0.7675
0.771
0.767
0.7655
0.77
0.768
0.763
0.772
0.768
0.7595
0.7655
0.7655
0.7625
0.77
0.7615
0.7655
0.764
0.768
0.7625
0.771
0.7675
0.77
0.771
0.7635
0.7645
0.768
0.772
0.771
0.7585
0.7675
0.763
0.7655
0.768
0.77
0.7625
0.763
0.7665
0.7695
0.777
0.77
0.766
0.7675
0.7605
0.7655
0.7665
0.765
0.7595
0.765
0.767
0.765
0.774
0.763
0.76
0.77
0.7635
0.7595
0.7625
0.7675
0.7655
0.758
0.7585
0.774
0.7585
0.762
0.756
0.765
0.7565
0.762
0.766
0.7735
0.769
0.77
0.765
0.763
0.764
0.7625
0.7685
0.7745
0.76
0.765
0.762
0.772
0.7685
0.763
0.7675
0.7645
0.7635
0.7575
0.7665
0.7725
0.767
0.7585
0.7625
0.7555
0.761
0.7735
0.767
0.766
0.765
0.7645
0.771
0.77
0.768
0.7695
0.7605
0.77
0.773
0.7635
0.7715
0.7595
0.7675
0.778
0.7645
0.75
0.766
0.772
0.7715
0.7795
0.774
0.77
0.778
0.774
0.7775
0.7725
0.78
0.772
0.7795
0.7705
0.7815
0.7755
0.7825
0.7715
0.771
0.7665
0.7765
0.7725
0.781
0.771
0.776
0.7835
0.783
0.777
0.7885
0.783
0.776
0.782
0.777
0.776
0.777
0.7755
0.775
0.776
0.7875
0.785
0.786
0.776
0.781
0.766
0.771
0.772
0.778
0.781
0.7745
0.7835
0.777
0.7725
0.7875
0.782
0.773
0.7805
0.782
0.7635
0.7835
0.783
0.78
0.7745
0.7775
0.7675
0.779
0.7805
0.7765
0.7725
0.781
0.7905
0.7845
0.766
0.768
0.7855
0.771
0.7795
0.7705
0.77
0.7775
0.7745
0.771
0.775
0.772
0.7665
0.7695
0.764
0.77
0.7795
0.7765
0.7755
0.7645
0.779
0.7775
0.767
0.779
0.775
0.7765
0.7715
0.776
0.7715
0.7865
0.7735
0.776
0.776
0.7665
0.774
0.7765
0.773
0.776
0.7755
0.773
0.7685
0.7635
0.776
0.7715
0.772
0.777
0.7765
0.7825
0.783
0.7725
0.777
0.776
0.7785
0.7735
0.7775
0.77
0.7735
0.776
0.772
0.7725
0.774
0.7765
0.772
0.762
0.7815
0.776
0.7725
0.777
0.7795
0.7665
0.77
0.7735
0.768
0.779
0.7645
0.777
0.767
0.765
0.771
0.7715
0.7725
0.7815
0.773
0.7745
0.772
0.771
0.771
0.7685
0.7785
0.762
0.7665
0.7755
0.7685
0.761
0.7725
0.7695
0.7615
0.7685
0.7715
0.7765
0.7745
0.776
0.7805
0.7735
0.776
0.777
0.769
0.7725
0.7685
0.768
0.7715
0.776
0.7715
0.763
0.7725
0.764
0.7725
0.766
0.7605
0.772
0.759
0.7675
0.7715
0.78
0.7695
0.7765
0.7695
0.7805
0.772
0.7705
0.7655
0.768
0.764
0.77
0.7835
0.773
0.78
0.779
0.7805
0.7745
0.775
0.7795
0.7685
0.7715
0.7785
0.766
0.769
0.773
0.7665
0.775
0.7845
0.7775
0.7685
0.768
0.7695
0.7785
0.772
0.7735
0.7715
0.7765
0.769
0.7835
0.775
0.7765
0.7805
0.769
0.766
0.7635
0.78
0.773
0.7805
0.7655
0.7745
0.766
0.777
0.7785
0.775
0.7665
0.7795
0.7685
0.771
0.7715
0.7745
0.78
0.7635
0.776
0.773
0.7705
0.775
0.766
0.775
0.774
0.762
0.762
0.774
0.765
0.774
0.7645
0.772
0.7665
0.7695
0.763
0.7665
0.7635
0.7675
0.781
0.7675
0.764
0.767
0.769
0.7715
0.774
0.776
0.7705
0.7685
0.7765
0.768
0.7685
0.7685
0.767
0.766
0.7775
0.767
0.775
0.769
0.7745
0.775
0.7725
0.7655
0.766
0.7745
0.7735
0.7665
0.7715
0.774
0.7625
0.7715
0.767
0.7735
0.7685
0.7705
0.7595
0.765
0.763
0.772
0.77
0.7675
0.7625
0.7715
0.772
0.7645
0.772
0.7655
0.7755
0.765
0.774
0.7675
0.7685
0.761
0.765
0.7665
0.76
0.7755
0.7625
0.7725
0.766
0.76
0.762
0.7585
0.756
0.762
0.7635
0.7685
0.7635
0.769
0.776
0.763
0.7665
0.771
0.766
0.769
0.7685
0.7695
0.7715
0.7645
0.7665
0.7675
0.7725
0.763
0.7735
0.7735
0.7645
0.769
0.767
0.771
0.765
0.762
0.769
0.768
0.7665
0.7615
0.767
0.7645
0.773
0.7655
0.7705
0.761
0.7685
0.773
0.7665
0.773
0.768
0.766
0.767
0.7625
0.7645
0.762
0.7665
0.7655
0.7695
0.7685
0.768
0.7575
0.763
0.772
0.765
0.766
0.764
0.762
0.756
0.7705
0.7655
0.7655
0.7655
0.7695
0.7685
0.7605
0.7665
0.761
0.773
0.7615
0.7775
0.762
0.776
0.7755
0.7665
0.7625
0.7625
0.764
0.766
0.77
0.761
0.7575
0.7615
0.76
0.772
0.7605
0.762
0.7635
0.7585
0.7645
0.7615
0.7705
0.771
0.774
0.761
0.772
0.764
0.76
0.7605
0.7765
0.7685
0.768
0.773
0.7685
0.7655
0.7625
0.76
0.7645
0.768
0.766
0.772
0.7625
0.765
0.7655
0.766
0.769
0.7715
0.763
0.767
0.7655
0.7695
0.761
0.7655
0.7695
0.7755
0.773
0.7625
0.769
0.7715
0.7745
0.773
0.7675
0.767
0.772
0.7735
0.7725
0.7635
0.7745
0.7745
0.766
0.773
0.7775
0.77
0.7685
0.7655
0.767
0.767
0.773
0.7685
0.774
0.767
0.768
0.7795
0.766
0.773
0.7675
0.7785
0.7675
0.7605
0.7715
0.769
0.7675
0.765
0.77
0.7675
0.775
0.7675
0.776
0.7595
0.771
0.768
0.7705
0.7675
0.754
0.771
0.7835
0.7705
0.775
0.776
0.7775
0.7675
0.7785
0.7655
0.7705
0.7685
0.765
0.784
0.771
0.7665
0.776
0.7735
0.767
0.76
0.7665
0.78
0.776
0.766
0.769
0.772
0.7865
0.7675
0.7715
0.771
0.786
0.787
0.7755
0.7685
0.774
0.7735
0.7755
0.775
0.7785
0.774
0.78
0.7855
0.7745
0.781
0.7795
0.775
0.778
0.776
0.7715
0.772
0.7775
0.773
0.777
0.773
0.7735
0.7635
0.7805
0.7725
0.777
0.771
0.764
0.775
0.7695
0.7785
0.6295
0.7825
0.773
0.769
0.769
0.774
0.782
0.784
0.778
0.7655
0.775
0.777
0.771
0.7775
0.772
0.78
0.7745
0.7745
0.791
0.769
0.782
0.777
0.7755
0.778
0.768
0.7745
0.7695
0.786
0.7725
0.775
0.7755
0.777
0.7655
0.791
0.781
0.76
0.7715
0.781
0.7825
0.7745
0.7735
0.7735
0.7765
0.772
0.763
0.777
0.7705
0.772
0.7675
0.7675
0.771
0.7725
0.771
0.7645
0.776
0.78
0.7635
0.7735
0.771
0.7645
0.7765
0.7695
0.765
0.7685
0.768
0.776
0.7715
0.7675
0.7715
0.77
0.765
0.777
0.771
0.7655
0.773
0.765
0.769
0.7655
0.7595
0.7755
0.7735
0.7705
0.763
0.77
0.7705
0.7635
0.7635
0.762
0.7685
0.766
0.7625
0.755
0.761
0.7635
0.762
0.768
0.762
0.754
0.7675
0.7645
0.7645
0.7515
0.762
0.766
0.756
0.759
0.766
0.757
0.7565
0.7555
0.768
0.761
0.7495
0.7605
0.7605
0.7585
0.766
0.7585
0.761
0.7655
0.763
0.7605
0.776
0.7625
0.757
0.7635
0.7705
0.758
0.769
0.752
0.7565
0.7645
0.7645
0.766
0.7595
0.771
0.772
0.774
0.7665
0.7815
0.7755
0.774
0.777
0.7745
0.7825
0.7745
0.781
0.7765
0.7765
0.7775
0.776
0.77
0.77
0.7765
0.7745
0.7765
0.769
0.777
0.7775
0.7775
0.777
0.787
0.7815
0.7815
0.777
0.778
0.7785
0.7755
0.7835
0.7755
0.781
0.774
0.78
0.771
0.7735
0.768
0.7655
0.7715
0.7775
0.7785
0.771
0.7775
0.7815
0.787
0.784
0.778
0.7775
0.777
0.791
0.78
0.7745
0.7775
0.791
0.7775
0.7855
0.7755
0.791
0.7785
0.7725
0.763
0.7785
0.7665
0.7765
0.7755
0.77
0.7815
0.774
0.766
0.775
0.777
0.772
0.7795
0.774
0.775
0.764
0.7665
0.768
0.7755
0.7665
0.7655
0.7665
0.767
0.7625
0.773
0.772
0.758
0.7785
0.765
0.7715
0.7795
0.776
0.7845
0.7895
0.7685
0.769
0.777
0.776
0.788
0.771
0.771
0.7675
0.7745
0.777
0.772
0.7745
0.767
0.7725
0.7675
0.7745
0.7665
0.767
0.771
0.772
0.7805
0.773
0.7705
0.774
0.7775
0.7725
0.7625
0.773
0.7715
0.7665
0.769
0.772
0.7605
0.7785
0.7755
0.773
0.772
0.7695
0.7795
0.773
0.774
0.7685
0.759
0.7725
0.7735
0.7685
0.7755
0.784
0.7725
0.7745
0.7745
0.7755
0.77
0.7795
0.7705
0.7705
0.7745
0.763
0.768
0.7735
0.772
0.772
0.767
0.778
0.769
0.769
0.7785
0.7785
0.772
0.777
0.7665
0.7785
0.775
0.7755
0.7635
0.7755
0.7735
0.769
0.763
0.7665
0.7755
0.7585
0.7685
0.7695
0.7625
0.7655
0.771
0.771
0.7705
0.763
0.7695
0.766
0.761
0.77
0.7665
0.771
0.766
0.7665
0.762
0.777
0.7675
0.7775
0.7625
0.778
0.7585
0.757
0.77
0.774
0.7665
0.762
0.7765
0.7605
0.768
0.7695
0.7735
0.7615
0.7685
0.762
0.774
0.7675
0.768
0.779
0.765
0.7675
0.7715
0.7685
0.7635
0.758
0.7635
0.7645
0.7655
0.761
0.7685
0.77
0.764
0.7615
0.77
0.774
0.7745
0.7745
0.77
0.775
0.765
0.767
0.7635
0.7605
0.7695
0.77
0.7765
0.7725
0.773
0.771
0.769
0.776
0.7685
0.7585
0.7665
0.771
0.7725
0.772
0.765
0.7645
0.764
0.7635
0.7655
0.782
0.759
0.771
0.767
0.776
0.7655
0.767
0.7725
0.7715
0.7595
0.7615
0.7555
0.7625
0.7555
0.7535
0.7575
0.7585
0.7595
0.7585
0.762
0.762
0.753
0.7565
0.7715
0.7645
0.7595
0.7585
0.77
0.7535
0.759
0.765
0.758
0.7575
0.7545
0.761
0.7605
0.76
0.7495
0.7575
0.749
0.7505
0.7605
0.752
0.7575
0.76
0.761
0.757
0.76
0.76
0.766
0.758
0.7535
0.7495
0.763
0.7625
0.761
0.755
0.759
0.762
0.7525
0.762
0.7535
0.7615
0.7535
0.752
0.7565
0.7595
0.7655
0.7575
0.768
0.753
0.7635
0.7535
0.7645
0.766
0.7645
0.7575
0.762
0.759
0.761
0.7655
0.771
0.759
0.758
0.762
0.76
0.7585
0.759
0.7565
0.759
0.765
0.763
0.758
0.764
0.76
0.7655
0.7695
0.7675
0.7635
0.772
0.775
0.7675
0.768
0.7615
0.765
0.78
0.7785
0.768
0.7575
0.771
0.772
0.7735
0.77
0.7615
0.77
0.7685
0.7745
0.768
0.7765
0.766
0.762
0.7705
0.7815
0.7705
0.7765
0.768
0.7705
0.781
0.7645
0.769
0.7705
0.7745
0.7675
0.765
0.768
0.7745
0.7685
0.765
0.7725
0.7635
0.7625
0.772
0.768
0.766
0.768
0.773
0.7815
0.781
0.7735
0.7695
0.776
0.766
0.7735
0.767
0.7755
0.7615
0.7775
0.7705
0.778
0.7655
0.774
0.784
0.7855
0.769
0.775
0.7695
0.767
0.7725
0.774
0.7595
0.7645
0.768
0.7735
0.7625
0.771
0.7675
0.77
0.772
0.7775
0.76
0.7655
0.7715
0.773
0.773
0.7675
0.778
0.777
0.7705
0.7715
0.782
0.7745
0.7585
0.76
0.7765
0.769
0.772
0.7725
0.7755
0.7725
0.774
0.768
0.776
0.778
0.7765
0.78
0.721
0.7685
0.7725
0.7775
0.7645
0.779
0.7775
0.7675
0.777
0.7835
0.7755
0.7765
0.782
0.764
0.78
0.779
0.7625
0.769
0.775
0.7775
0.528
0.76
0.783
0.7715
0.7805
0.7775
0.7755
0.7805
0.767
0.7685
0.7675
0.7705
0.765
0.765
0.768
0.7725
0.7755
0.7725
0.7775
0.776
0.77
0.767
0.775
0.778
0.768
0.7835
0.772
0.772
0.762
0.7685
0.772
0.772
0.7805
0.7675
0.769
0.767
0.7725
0.7735
0.771
0.769
0.7585
0.774
0.768
0.77
0.777
0.773
0.78
0.771
0.7815
0.7695
0.7755
0.782
0.7795
0.78
0.7755
0.779
0.7745
0.7745
0.7845
0.766
0.771
0.7805
0.7675
0.7695
0.773
0.7725
0.7685
0.775
0.77
0.7745
0.771
0.777
0.779
0.774
0.773
0.78
0.7745
0.7685
0.7845
0.775
0.779
0.777
0.774
0.7725
0.7665
0.7695
0.768
0.7705
0.7625
0.772
0.766
0.765
0.7615
0.7675
0.7585
0.761
0.7605
0.7585
0.7555
0.7575
0.77
0.7645
0.774
0.774
0.7635
0.7685
0.759
0.757
0.766
0.766
0.7625
0.758
0.765
0.7565
0.7635
0.765
0.764
0.758
0.7725
0.769
0.7645
0.7655
0.7665
0.7655
0.761
0.771
0.7705
0.766
0.7645
0.768
0.7695
0.767
0.7635
0.7615
0.764
0.7705
0.7645
0.7665
0.7775
0.7575
0.77
0.7715
0.769
0.76
0.7645
0.7755
0.7735
0.7635
0.7605
0.7765
0.77
0.7675
0.7715
0.762
0.7815
0.7705
0.76
0.768
0.7765
0.771
0.766
0.771
0.7665
0.757
0.7625
0.7695
0.7665
0.7705
0.7675
0.772
0.77
0.775
0.764
0.7685
0.7685
0.7705
0.766
0.77
0.783
0.772
0.767
0.776
0.7695
0.775
0.777
0.7675
0.7835
0.77
0.771
0.768
0.761
0.7745
0.769
0.776
0.7705
0.7695
0.7695
0.7635
0.764
0.767
0.764
0.7705
0.756
0.767
0.7715
0.7775
0.7745
0.7635
0.7695
0.77
0.7665
0.772
0.7715
0.7675
0.7765
0.7655
0.7675
0.7625
0.773
0.777
0.767
0.769
0.7655
0.7705
0.7775
0.7735
0.7715
0.766
0.7725
0.7715
0.774
0.769
0.7665
0.653
0.7785
0.7715
0.6115
0.7625
0.7715
0.7745
0.769
0.767
0.7665
0.769
0.7625
0.773
0.7645
0.7755
0.767
0.773
0.761
0.764
0.765
0.768
0.766
0.7735
0.7705
0.769
0.7775
0.776
0.7685
0.7735
0.774
0.7775
0.7695
0.761
0.7805
0.778
0.769
0.784
0.758
0.767
0.7635
0.7655
0.7725
0.767
0.762
0.766
0.7765
0.7745
0.763
0.761
0.7625
0.759
0.767
0.7745
0.766
0.7695
0.766
0.7665
0.767
0.766
0.7685
0.773
0.767
0.763
0.763
0.769
0.7685
0.76
0.7655
0.771
0.762
0.7675
0.7635
0.7595
0.767
0.7585
0.774
0.767
0.763
0.7655
0.7645
0.7675
0.769
0.768
0.7715
0.7685
0.7625
0.766
0.767
0.763
0.762
0.762
0.7655
0.771
0.7575
0.76
0.769
0.7635
0.7615
0.7615
0.767
0.7685
0.7685
0.7635
0.7605
0.7695
0.76
0.761
0.7675
0.761
0.7545
0.7535
0.7625
0.757
0.7585
0.757
0.761
0.754
0.762
0.7585
0.756
0.7555
0.7595
0.757
0.756
0.76
0.757
0.7615
0.7565
0.7625
0.7605
0.7565
0.7625
0.7555
0.7675
0.7565
0.7545
0.758
0.7625
0.769
0.7635
0.7635
0.772
0.761
0.766
0.7685
0.764
0.769
0.7685
0.7725
0.7685
0.768
0.766
0.7655
0.77
0.7575
0.766
0.7615
0.7635
0.7735
0.766
0.7625
0.771
0.7735
0.764
0.764
0.767
0.7695
0.77
0.778
0.776
0.7705
0.774
0.7725
0.763
0.778
0.7705
0.78
0.769
0.7765
0.772
0.776
0.769
0.7765
0.7655
0.7755
0.7675
0.7635
0.7735
0.7805
0.77
0.77
0.7715
0.774
0.7765
0.778
0.77
0.78
0.7705
0.7685
0.777
0.774
0.78
0.7785
0.7735
0.772
0.77
0.771
0.771
0.777
0.7735
0.775
0.7645
0.7795
0.7855
0.774
0.772
0.775
0.7765
0.779
0.784
0.777
0.769
0.7705
0.7725
0.7855
0.7775
0.788
0.78
0.7805
0.7855
0.777
0.7825
0.784
0.7745
0.769
0.77
0.7825
0.7695
0.777
0.7845
0.774
0.772
0.7825
0.766
0.778
0.7755
0.7675
0.77
0.762
0.763
0.761
0.7745
0.7625
0.7665
0.7685
0.755
0.7675
0.7655
0.775
0.7825
0.772
0.7785
0.777
0.774
0.7745
0.776
0.778
0.777
0.78
0.768
0.7735
0.7725
0.7735
0.777
0.769
0.7745
0.774
0.7695
0.7845
0.768
0.775
0.7685
0.777
0.771
0.7715
0.769
0.77
0.763
0.7675
0.761
0.766
0.77
0.765
0.762
0.76
0.7625
0.774
0.7705
0.768
0.7615
0.7705
0.7705
0.766
0.7735
0.7665
0.761
0.778
0.768
0.7665
0.763
0.77
0.775
0.775
0.768
0.776
0.7765
0.7755
0.775
0.7715
0.777
0.77
0.7725
0.775
0.7735
0.775
0.769
0.772
0.777
0.7715
0.7675
0.7785
0.7735
0.7695
0.7805
0.772
0.782
0.773
0.7775
0.769
0.777
0.772
0.776
0.774
0.7745
0.7735
0.767
0.772
0.764
0.7665
0.77
0.774
0.7725
0.765
0.7645
0.771
0.772
0.7765
0.772
0.7715
0.771
0.7695
0.766
0.771
0.779
0.7735
0.7705
0.768
0.7765
0.7795
0.7725
0.7785
0.7845
0.7795
0.77
0.7785
0.7805
0.776
0.775
0.776
0.7665
0.7755
0.771
0.7735
0.7735
0.7755
0.772
0.7675
0.771
0.7745
0.7755
0.768
0.771
0.766
0.763
0.768
0.776
0.7775
0.781
0.774
0.77
0.7755
0.7665
0.77
0.772
0.778
0.7765
0.7645
0.773
0.764
0.771
0.7745
0.7685
0.768
0.7715
0.7745
0.759
0.7625
0.776
0.764
0.7665
0.769
0.768
0.7685
0.7695
0.764
0.767
0.764
0.76
0.757
0.763
0.7695
0.7605
0.7555
0.7675
0.769
0.767
0.7635
0.7645
0.77
0.7675
0.7675
0.7645
0.77
0.7705
0.7675
0.7705
0.7685
0.7715
0.7685
0.7675
0.771
0.768
0.763
0.7735
0.7675
0.7665
0.7735
0.767
0.7695
0.77
0.7645
0.7635
0.7625
0.766
0.769
0.766
0.7555
0.7625
0.758
0.7605
0.76
0.7625
0.763
0.772
0.7655
0.7705
0.7765
0.764
0.7635
0.7565
0.766
0.775
0.7735
0.766
0.763
0.765
0.7675
0.762
0.7675
0.765
0.7595
0.766
0.7575
0.765
0.7565
0.7605
0.7695
0.7705
0.764
0.779
0.7665
0.7635
0.768
0.7775
0.7655
0.7665
0.7665
0.7685
0.7635
0.767
0.7685
0.7645
0.759
0.7555
0.7645
0.762
0.766
0.7735
0.772
0.763
0.765
0.7625
0.766
0.7595
0.761
0.7695
0.7605
0.764
0.763
0.764
0.7705
0.7715
0.7675
0.7635
0.762
0.77
0.7625
0.766
0.758
0.769
0.7645
0.773
0.769
0.7705
0.7775
0.765
0.7615
0.77
0.7655
0.767
0.7625
0.7625
0.765
0.7765
0.77
0.7695
0.784
0.7655
0.7805
0.765
0.764
0.767
0.773
0.7775
0.7665
0.772
0.7735
0.761
0.7715
0.7715
0.7705
0.768
0.7705
0.7645
0.772
0.765
0.764
0.768
0.773
0.773
0.767
0.779
0.7795
0.782
0.774
0.772
0.7765
0.7825
0.7795
0.7745
0.7755
0.777
0.7785
0.766
0.772
0.773
0.775
0.7625
0.777
0.7685
0.7705
0.7725
0.77
0.7695
0.7625
0.7645
0.771
0.77
0.7715
0.764
0.7665
0.771
0.7725
0.7765
0.7655
0.767
0.7655
0.7705
0.772
0.764
0.7635
0.7695
0.7805
0.7825
0.77
0.773
0.7745
0.7855
0.777
0.778
0.772
0.772
0.7755
0.776
0.782
0.7765
0.778
0.776
0.7775
0.7775
0.7705
0.7775
0.7745
0.774
0.782
0.772
0.7765
0.775
0.7735
0.775
0.776
0.777
0.783
0.775
0.777
0.7755
0.7725
0.772
0.7785
0.7815
0.7755
0.7815
0.783
0.7735
0.779
0.7835
0.7735
0.783
0.78
0.773
0.774
0.777
0.778
0.771
0.7665
0.7655
0.7715
0.7725
0.777
0.772
0.776
0.7705
0.7745
0.767
0.7835
0.769
0.773
0.773
0.777
0.775
0.7755
0.776
0.776
0.766
0.7695
0.772
0.767
0.7645
0.768
0.766
0.773
0.7565
0.767
0.761
0.7665
0.7715
0.7615
0.754
0.761
0.764
0.761
0.768
0.757
0.762
0.771
0.757
0.7655
0.766
0.7745
0.7625
0.7655
0.7785
0.7655
0.7795
0.765
0.773
0.7665
0.7615
0.7655
0.769
0.767
0.7615
0.7755
0.7675
0.769
0.7645
0.7675
0.773
0.7665
0.763
0.7675
0.7645
0.772
0.77
0.772
0.7685
0.763
0.7625
0.767
0.773
0.774
0.7655
0.7655
0.7705
0.7685
0.7665
0.775
0.7615
0.765
0.7745
0.77
0.7725
0.7525
0.7635
0.7705
0.7685
0.78
0.7785
0.765
0.7675
0.7635
0.7615
0.77
0.776
0.769
0.774
0.7695
0.7685
0.7675
0.774
0.775
0.776
0.7765
0.766
0.763
0.7665
0.765
0.765
0.77
0.7695
0.7675
0.7675
0.7605
0.7715
0.7685
0.775
0.7695
0.7665
0.761
0.773
0.7705
0.7655
0.765
0.7655
0.7655
0.767
0.7725
0.7695
0.7675
0.763
0.763
0.766
0.771
0.7785
0.77
0.7675
0.769
0.771
0.767
0.7615
0.7715
0.7775
0.767
0.76
0.7715
0.7725
0.768
0.777
0.769
0.776
0.77
0.774
0.7735
0.7825
0.764
0.774
0.7755
0.7715
0.772
0.771
0.777
0.7715
0.773
0.775
0.768
0.766
0.7645
0.7715
0.766
0.7675
0.768
0.771
0.771
0.7655
0.776
0.7715
0.7595
0.765
0.765
0.7685
0.7705
0.7705
0.7685
0.764
0.766
0.7825
0.767
0.772
0.767
0.775
0.7705
0.7735
0.7645
0.7805
0.772
0.7665
0.771
0.77
0.776
0.7685
0.769
0.761
0.7695
0.7605
0.7735
0.765
0.765
0.76
0.767
0.7775
0.7695
0.771
0.7775
0.7675
0.7745
0.778
0.779
0.7675
0.776
0.776
0.7755
0.767
0.775
0.7725
0.773
0.776
0.7685
0.769
0.7675
0.775
0.774
0.7625
0.7675
0.776
0.773
0.772
0.768
0.771
0.7675
0.778
0.7645
0.778
0.764
0.7675
0.777
0.772
0.7725
0.778
0.745
0.769
0.773
0.7665
0.7705
0.771
0.7645
0.762
0.7695
0.7685
0.7555
0.7675
0.763
0.767
0.764
0.7655
0.7735
0.7645
0.767
0.766
0.767
0.763
0.766
0.7635
0.7625
0.7575
0.766
0.7625
0.7625
0.7625
0.7755
0.7675
0.7655
0.765
0.7625
0.7695
0.7705
0.7735
0.756
0.7665
0.7525
0.769
0.768
0.7675
0.7605
0.768
0.7645
0.757
0.7715
0.7635
0.772
0.76
0.758
0.7585
0.7695
0.7655
0.768
0.765
0.768
0.77
0.7725
0.7645
0.771
0.7715
0.77
0.775
0.7735
0.7395
0.775
0.769
0.7695
0.771
0.7735
0.768
0.77
0.7685
0.7685
0.7675
0.7665
0.7765
0.764
0.779
0.771
0.773
0.762
0.7725
0.7745
0.7795
0.778
0.7735
0.7675
0.778
0.768
0.771
0.7685
0.7765
0.763
0.766
0.7615
0.7645
0.771
0.7615
0.7595
0.7615
0.763
0.758
0.767
0.771
0.7685
0.764
0.759
0.7555
0.764
0.7715
0.7615
0.7685
0.7695
0.7705
0.7605
0.7595
0.762
0.7665
0.7575
0.762
0.7705
0.7615
0.7595
0.7695
0.7555
0.7745
0.7475
0.759
0.763
0.7705
0.7565
0.7585
0.762
0.7565
0.752
0.753
0.758
0.758
0.7625
0.7545
0.755
0.765
0.7555
0.769
0.7625
0.766
0.7645
0.7645
0.7685
0.758
0.762
0.7535
0.7665
0.7595
0.7565
0.7575
0.7595
0.758
0.757
0.7525
0.7555
0.759
0.7675
0.754
0.766
0.7625
0.7545
0.756
0.7605
0.764
0.7645
0.761
0.765
0.764
0.7575
0.761
0.767
0.768
0.7745
0.766
0.7655
0.772
0.684
0.7605
0.768
0.7615
0.7595
0.77
0.7635
0.765
0.762
0.7645
0.761
0.756
0.766
0.759
0.7615
0.751
0.759
0.7625
0.7565
0.758
0.7655
0.763
0.7555
0.759
0.7705
0.7615
0.754
0.7645
0.7615
0.7655
0.754
0.762
0.764
0.76
0.758
0.7625
0.765
0.759
0.754
0.767
0.7615
0.763
0.767
0.76
0.7645
0.767
0.7555
0.759
0.7615
0.7595
0.759
0.759
0.757
0.754
0.762
0.767
0.763
0.767
0.7655
0.77
0.7645
0.7735
0.7675
0.777
0.7745
0.777
0.7715
0.7755
0.772
0.7715
0.7765
0.7685
0.773
0.7715
0.7605
0.772
0.768
0.774
0.7665
0.771
0.774
0.761
0.7645
0.774
0.788
0.768
0.776
0.779
0.772
0.7705
0.769
0.7675
0.768
0.761
0.762
0.7765
0.7705
0.7675
0.7745
0.767
0.7745
0.7805
0.775
0.7835
0.773
0.7795
0.7705
0.7855
0.772
0.779
0.777
0.774
0.7765
0.7785
0.7715
0.7785
0.7775
0.773
0.772
0.775
0.787
0.7715
0.785
0.775
0.7635
0.7705
0.768
0.7805
0.7815
0.765
0.767
0.7725
0.778
0.7685
0.7715
0.777
0.7725
0.772
0.7765
0.774
0.775
0.7745
0.779
0.7725
0.7765
0.7785
0.7755
0.7765
0.7745
0.7675
0.783
0.786
0.774
0.7705
0.7785
0.778
0.7735
0.7805
0.7665
0.7725
0.765
0.7775
0.765
0.764
0.769
0.765
0.7715
0.773
0.77
0.7745
0.7725
0.771
0.7675
0.7815
0.775
0.7825
0.7725
0.7765
0.775
0.7705
0.7795
0.7775
0.7655
0.772
0.7705
0.7785
0.775
0.77
0.7785
0.7665
0.785
0.7705
0.7655
0.773
0.7735
0.7725
0.7725
0.7755
0.7835
0.774
0.771
0.7765
0.774
0.7785
0.7765
0.773
0.7755
0.7855
0.7775
0.777
0.779
0.7735
0.7745
0.785
0.78
0.771
0.779
0.776
0.7785
0.774
0.779
0.7795
0.784
0.7775
0.772
0.7735
0.765
0.77
0.778
0.7685
0.778
0.775
0.777
0.7755
0.7815
0.7655
0.773
0.772
0.776
0.772
0.782
0.7755
0.77
0.7775
0.768
0.7635
0.764
0.759
0.765
0.775
0.764
0.7705
0.766
0.767
0.777
0.775
0.7765
0.766
0.767
0.77
0.7785
0.778
0.7755
0.775
0.779
0.7715
0.7695
0.7685
0.771
0.7715
0.7735
0.775
0.7655
0.77
0.768
0.7595
0.7645
0.76
0.7765
0.7675
0.769
0.768
0.7595
0.77
0.77
0.7655
0.7655
0.7615
0.7735
0.7685
0.768
0.778
0.7785
0.7715
0.7835
0.777
0.78
0.7695
0.7645
0.776
0.767
0.777
0.7745
0.7735
0.7775
0.774
0.772
0.776
0.776
0.7735
0.778
0.77
0.779
0.7725
0.776
0.777
0.7765
0.7765
0.7835
0.7795
0.778
0.781
0.7765
0.7765
0.7805
0.77
0.7715
0.7925
0.781
0.7765
0.774
0.781
0.772
0.783
0.7775
0.781
0.779
0.7705
0.7755
0.7905
0.7825
0.78
0.7815
0.782
0.774
0.78
0.7925
0.7775
0.776
0.778
0.7795
0.7855
0.772
0.787
0.776
0.78
0.7785
0.7755
0.7725
0.781
0.771
0.7785
0.768
0.7735
0.7815
0.778
0.78
0.78
0.77
0.771
0.775
0.776
0.774
0.77
0.7725
0.7705
0.774
0.7765
0.7825
0.787
0.7765
0.768
0.78
0.769
0.7775
0.776
0.772
0.7685
0.7735
0.771
0.7825
0.7765
0.7705
0.772
0.776
0.771
0.773
0.78
0.7705
0.771
0.7775
0.77
0.769
0.771
0.773
0.7655
0.767
0.7765
0.7745
0.774
0.7715
0.7665
0.767
0.768
0.7655
0.761
0.766
0.7625
0.7645
0.772
0.773
0.7675
0.764
0.7705
0.7675
0.761
0.762
0.7685
0.766
0.762
0.765
0.765
0.761
0.771
0.76
0.762
0.7625
0.7715
0.766
0.766
0.768
0.7625
0.7615
0.7655
0.763
0.7625
0.7645
0.7675
0.7635
0.77
0.7675
0.7665
0.769
0.7615
0.757
0.768
0.7715
0.7675
0.762
0.7665
0.7645
0.7725
0.7695
0.757
0.764
0.7725
0.775
0.76
0.766
0.7605
0.765
0.769
0.7785
0.7615
0.769
0.763
0.769
0.762
0.77
0.766
0.776
0.7635
0.766
0.7625
0.76
0.7625
0.7665
0.7685
0.762
0.7595
0.7585
0.756
0.7615
0.7575
0.762
0.755
0.758
0.7595
0.7505
0.7565
0.758
0.7525
0.7535
0.7605
0.7545
0.762
0.763
0.756
0.76
0.761
0.7585
0.7585
0.765
0.7545
0.768
0.7675
0.7685
0.7665
0.765
0.7685
0.7585
0.7565
0.7715
0.754
0.7545
0.7505
0.7595
0.7475
0.75
0.751
0.7565
0.751
0.752
0.751
0.751
0.757
0.7605
0.7585
0.7605
0.7575
0.752
0.764
0.7495
0.7555
0.7665
0.76
0.747
0.75
0.7525
0.758
0.7505
0.7605
0.7515
0.7595
0.764
0.756
0.7515
0.7595
0.7585
0.7605
0.7545
0.7575
0.7605
0.762
0.762
0.757
0.759
0.767
0.7665
0.76
0.756
0.762
0.7545
0.775
0.7665
0.758
0.766
0.756
0.764
0.762
0.762
0.764
0.7665
0.7585
0.7745
0.7725
0.7695
0.7695
0.7745
0.7725
0.764
0.7725
0.771
0.7745
0.773
0.7795
0.775
0.778
0.773
0.776
0.77
0.7745
0.7825
0.774
0.767
0.77
0.7755
0.78
0.7675
0.772
0.769
0.768
0.7765
0.7705
0.768
0.769
0.772
0.772
0.781
0.769
0.776
0.7745
0.781
0.789
0.7815
0.7755
0.773
0.781
0.7835
0.7735
0.7805
0.7915
0.7775
0.7865
0.774
0.779
0.785
0.7765
0.7745
0.778
0.775
0.777
0.772
0.7795
0.7755
0.7805
0.786
0.778
0.7875
0.7815
0.778
0.775
0.7745
0.778
0.783
0.78
0.785
0.7775
0.786
0.7845
0.78
0.788
0.786
0.7815
0.7855
0.7915
0.7865
0.774
0.783
0.773
0.7775
0.781
0.7805
0.779
0.7735
0.777
0.7745
0.77
0.7775
0.771
0.7735
0.7755
0.7735
0.7765
0.7715
0.779
0.7735
0.7715
0.7745
0.7665
0.7605
0.772
0.7765
0.767
0.763
0.781
0.767
0.7685
0.7665
0.767
0.769
0.774
0.768
0.7745
0.772
0.7665
0.7785
0.7765
0.765
0.781
0.7715
0.787
0.7755
0.7755
0.7795
0.7695
0.7785
0.7755
0.781
0.7735
0.7785
0.771
0.7765
0.7795
0.784
0.7775
0.7745
0.7665
0.7735
0.775
0.774
0.7815
0.7735
0.777
0.7735
0.775
0.7745
0.771
0.7725
0.7795
0.772
0.7665
0.777
0.7595
0.772
0.7775
0.7755
0.7605
0.759
0.768
0.7735
0.77
0.7715
0.776
0.771
0.7795
0.773
0.7725
0.7715
0.7665
0.769
0.779
0.7805
0.7705
0.777
0.7735
0.7835
0.775
0.7795
0.7735
0.775
0.7815
0.774
0.7825
0.786
0.788
0.7815
0.779
0.783
0.7775
0.7805
0.7745
0.7685
0.785
0.775
0.7805
0.776
0.7765
0.787
0.7775
0.791
0.778
0.79
0.787
0.7855
0.79
0.7865
0.7845
0.7895
0.7855
0.776
0.7795
0.7805
0.7825
0.785
0.7835
0.783
0.7795
0.776
0.7825
0.777
0.776
0.7775
0.7775
0.7815
0.778
0.7765
0.7755
0.7725
0.7655
0.775
0.7715
0.7695
0.7645
0.7725
0.781
0.766
0.775
0.772
0.7775
0.7695
0.777
0.7785
0.765
0.7745
0.7645
0.7715
0.78
0.7815
0.778
0.776
0.7745
0.7735
0.774
0.7835
0.78
0.7675
0.7745
0.7715
0.776
0.7705
0.775
0.772
0.7795
0.7745
0.767
0.774
0.777
0.774
0.7715
0.773
0.774
0.772
0.7795
0.7705
0.776
0.7755
0.7775
0.7705
0.7785
0.775
0.781
0.7845
0.7755
0.7685
0.778
0.774
0.782
0.775
0.714
0.774
0.769
0.7805
0.7805
0.788
0.78
0.7745
0.777
0.7705
0.774
0.773
0.767
0.7665
0.771
0.7785
0.777
0.776
0.773
0.78
0.7695
0.7765
0.7805
0.778
0.777
0.7835
0.7665
0.7745
0.7745
0.7805
0.7695
0.771
0.7765
0.775
0.778
0.7755
0.775
0.7805
0.763
0.7725
0.7775
0.769
0.78
0.782
0.7825
0.7765
0.7785
0.776
0.7835
0.7825
0.7765
0.7735
0.7785
0.7795
0.7825
0.782
0.7875
0.79
0.7745
0.779
0.78
0.781
0.783
0.7855
0.776
0.784
0.7845
0.7775
0.788
0.7835
0.7815
0.78
0.787
0.786
0.7855
0.7825
0.7785
0.778
0.7745
0.778
0.7795
0.772
0.7765
0.7715
0.7765
0.773
0.7725
0.786
0.7635
0.773
0.771
0.777
0.779
0.7795
0.778
0.775
0.7795
0.775
0.782
0.7735
0.776
0.7735
0.78
0.7825
0.778
0.776
0.773
0.72
0.764
0.772
0.775
0.7835
0.78
0.7735
0.7815
0.777
0.7785
0.7795
0.7755
0.778
0.775
0.771
0.771
0.7735
0.7785
0.7805
0.772
0.7775
0.7745
0.7735
0.779
0.775
0.772
0.767
0.772
0.771
0.7735
0.776
0.7735
0.766
0.776
0.7845
0.7705
0.773
0.768
0.7735
0.775
0.7745
0.7755
0.7695
0.773
0.7685
0.7675
0.7685
0.7715
0.7725
0.7695
0.7675
0.7745
0.769
0.7605
0.7735
0.7765
0.773
0.781
0.7695
0.7685
0.7725
0.781
0.774
0.7675
0.7695
0.7745
0.768
0.781
0.761
0.7715
0.7725
0.7715
0.7775
0.7745
0.772
0.776
0.784
0.7685
0.7765
0.779
0.778
0.78
0.78
0.78
0.776
0.7735
0.759
0.774
0.778
0.782
0.7775
0.778
0.77
0.777
0.7725
0.7705
0.7745
0.776
0.7765
0.7685
0.7685
0.779
0.7655
0.7725
0.7705
0.769
0.776
0.778
0.7705
0.772
0.7735
0.782
0.779
0.779
0.775
0.777
0.7635
0.767
0.776
0.7735
0.767
0.7695
0.769
0.7585
0.7775
0.7655
0.78
0.771
0.768
0.772
0.776
0.783
0.774
0.762
0.776
0.779
0.7645
0.7795
0.7715
0.7785
0.7775
0.7665
0.7715
0.769
0.774
0.7685
0.7715
0.77
0.764
0.767
0.7625
0.7595
0.7685
0.768
0.77
0.775
0.7795
0.7745
0.7785
0.7675
0.766
0.7735
0.7705
0.766
0.77
0.774
0.771
0.7765
0.771
0.771
0.7625
0.7715
0.777
0.776
0.7635
0.761
0.7735
0.7775
0.782
0.776
0.7725
0.77
0.778
0.777
0.772
0.772
0.774
0.7805
0.7775
0.778
0.778
0.785
0.7735
0.7775
0.777
0.7835
0.7765
0.783
0.78
0.7715
0.7715
0.7735
0.782
0.777
0.7795
0.774
0.771
0.772
0.773
0.777
0.772
0.771
0.771
0.7715
0.767
0.7695
0.768
0.7655
0.7695
0.7665
0.7615
0.7725
0.771
0.768
0.7745
0.77
0.751
0.7655
0.7605
0.764
0.6655
0.761
0.7635
0.7675
0.76
0.7665
0.771
0.7595
0.768
0.766
0.763
0.768
0.7665
0.769
0.7575
0.766
0.771
0.7695
0.7705
0.7615
0.77
0.766
0.78
0.7785
0.774
0.777
0.776
0.7725
0.765
0.773
0.77
0.772
0.773
0.7765
0.77
0.7765
0.768
0.778
0.7675
0.784
0.7725
0.7745
0.781
0.7705
0.7705
0.766
0.77
0.7055
0.7755
0.763
0.773
0.766
0.774
0.7735
0.778
0.7615
0.762
0.767
0.7745
0.7745
0.769
0.771
0.769
0.7685
0.768
0.775
0.7705
0.759
0.766
0.771
0.7745
0.765
0.772
0.772
0.774
0.77
0.773
0.776
0.7745
0.768
0.7685
0.775
0.7755
0.7715
0.7705
0.774
0.768
0.772
0.774
0.7805
0.7645
0.779
0.775
0.7695
0.7735
0.767
0.7685
0.7755
0.7795
0.78
0.7705
0.773
0.775
0.7775
0.7835
0.769
0.785
0.7755
0.7725
0.7755
0.775
0.776
0.7745
0.779
0.7755
0.7765
0.7715
0.776
0.7685
0.78
0.78
0.7695
0.77
0.7705
0.77
0.768
0.777
0.7755
0.7775
0.7685
0.777
0.77
0.77
0.7675
0.769
0.775
0.773
0.773
0.782
0.7765
0.7705
0.7665
0.7685
0.775
0.774
0.774
0.7785
0.7725
0.769
0.767
0.7645
0.7705
0.773
0.7705
0.77
0.7705
0.768
0.7685
0.7685
0.7755
0.7725
0.7715
0.774
0.767
0.77
0.7725
0.768
0.7755
0.7725
0.776
0.7755
0.7715
0.7715
0.7745
0.7815
0.7825
0.7735
0.783
0.776
0.7735
0.78
0.7805
0.774
0.788
0.7835
0.7845
0.781
0.785
0.7765
0.7785
0.784
0.779
0.78
0.78
0.7835
0.782
0.776
0.7785
0.779
0.783
0.776
0.779
0.785
0.7835
0.777
0.7835
0.781
0.7855
0.7825
0.7765
0.7805
0.777
0.776
0.778
0.7775
0.7895
0.7745
0.783
0.771
0.7765
0.782
0.7855
0.7825
0.7945
0.7505
0.776
0.7845
0.782
0.796
0.783
0.786
0.7855
0.782
0.7775
0.778
0.774
0.7735
0.778
0.7715
0.7795
0.778
0.7795
0.781
0.771
0.7825
0.7845
0.775
0.7825
0.7735
0.7855
0.781
0.7795
0.7885
0.784
0.78
0.779
0.775
0.793
0.7805
0.7755
0.776
0.7765
0.7795
0.7705
0.7755
0.767
0.776
0.769
0.771
0.78
0.7705
0.7815
0.7675
0.7645
0.771
0.7655
0.7775
0.77
0.7685
0.7685
0.759
0.7785
0.7755
0.773
0.766
0.7665
0.7685
0.775
0.776
0.7695
0.774
0.7705
0.7645
0.771
0.7775
0.7715
0.774
0.7665
0.7725
0.7725
0.773
0.775
0.7865
0.772
0.7735
0.7735
0.776
0.764
0.778
0.779
0.7775
0.775
0.7815
0.7725
0.7825
0.776
0.7765
0.7685
0.776
0.7745
0.7675
0.7715
0.782
0.778
0.783
0.789
0.784
0.775
0.7845
0.78
0.7775
0.7835
0.7725
0.7815
0.766
0.7815
0.782
0.7805
0.773
0.773
0.771
0.776
0.771
0.774
0.772
0.782
0.7805
0.7725
0.7805
0.7745
0.7725
0.769
0.779
0.7735
0.775
0.7715
0.777
0.768
0.7705
0.7745
0.7755
0.774
0.7775
0.773
0.7715
0.776
0.7695
0.773
0.7825
0.78
0.771
0.769
0.769
0.774
0.7775
0.7735
0.7825
0.7815
0.7715
0.77
0.7755
0.77
0.7795
0.773
0.7715
0.77
0.773
0.774
0.7815
0.7785
0.774
0.7725
0.774
0.7715
0.7725
0.7755
0.776
0.77
0.769
0.76
0.7615
0.765
0.7695
0.7715
0.7675
0.763
0.7635
0.7775
0.7625
0.7735
0.77
0.774
0.776
0.768
0.774
0.7745
0.771
0.7695
0.7705
0.7695
0.766
0.7725
0.7635
0.7655
0.7665
0.775
0.7705
0.773
0.7725
0.7695
0.7775
0.7725
0.776
0.769
0.765
0.7635
0.7785
0.766
0.7705
0.7795
0.771
0.767
0.7725
0.775
0.7855
0.7775
0.775
0.7645
0.778
0.768
0.7655
0.778
0.7695
0.7755
0.7695
0.769
0.7755
0.7695
0.775
0.777
0.7765
0.7755
0.78
0.7765
0.7755
0.776
0.776
0.7755
0.7775
0.7735
0.7725
0.7765
0.7665
0.778
0.774
0.781
0.7785
0.7765
0.7825
0.792
0.778
0.773
0.769
0.77
0.781
0.774
0.7805
0.774
0.7775
0.7775
0.7765
0.7835
0.7785
0.7725
0.7775
0.773
0.7775
0.777
0.7765
0.7715
0.7795
0.7745
0.779
0.7745
0.77
0.772
0.7775
0.776
0.767
0.769
0.7755
0.7795
0.7655
0.7895
0.7765
0.784
0.7715
0.781
0.7805
0.787
0.7815
0.783
0.775
0.781
0.786
0.7775
0.7755
0.7695
0.775
0.7775
0.7705
0.787
0.7835
0.7765
0.788
0.773
0.782
0.771
0.7675
0.7805
0.7785
0.7745
0.783
0.7755
0.788
0.7825
0.784
0.786
0.773
0.783
0.7815
0.776
0.7925
0.782
0.7765
0.781
0.783
0.778
0.776
0.767
0.764
0.77
0.778
0.7625
0.7655
0.7685
0.774
0.775
0.771
0.7705
0.776
0.7745
0.7755
0.775
0.7745
0.7755
0.7745
0.774
0.774
0.774
0.7695
0.773
0.771
0.765
0.77
0.7725
0.767
0.774
0.776
0.7775
0.774
0.7665
0.7675
0.7685
0.771
0.7685
0.784
0.766
0.7735
0.773
0.7735
0.767
0.775
0.7715
0.7755
0.774
0.767
0.78
0.774
0.774
0.7815
0.7715
0.776
0.771
0.7805
0.7775
0.771
0.773
0.778
0.764
0.7735
0.778
0.7775
0.775
0.7745
0.774
0.7685
0.7725
0.77
0.779
0.773
0.77
0.7685
0.7785
0.7745
0.781
0.771
0.778
0.768
0.781
0.781
0.7775
0.782
0.772
0.767
0.7685
0.77
0.7785
0.7745
0.775
0.7735
0.7745
0.772
0.781
0.769
0.783
0.768
0.774
0.775
0.7795
0.771
0.777
0.7715
0.786
0.7695
0.7755
0.7855
0.7735
0.7695
0.783
0.7745
0.7695
0.7725
0.7805
0.7805
0.775
0.7745
0.7715
0.7735
0.779
0.778
0.774
0.7695
0.774
0.7775
0.7675
0.7695
0.769
0.7695
0.765
0.7725
0.7665
0.771
0.7785
0.7645
0.767
0.7635
0.777
0.768
0.7595
0.764
0.7495
0.753
0.755
0.7525
0.759
0.758
0.763
0.769
0.7635
0.7665
0.766
0.764
0.759
0.7605
0.7605
0.7705
0.772
0.7645
0.7635
0.7645
0.7725
0.775
0.7705
0.7835
0.772
0.766
0.7705
0.7695
0.775
0.7725
0.7695
0.774
0.765
0.7715
0.7725
0.762
0.7715
0.765
0.7595
0.7555
0.7715
0.7735
0.7615
0.767
0.7675
0.776
0.7645
0.7725
0.7645
0.7665
0.764
0.768
0.7705
0.7665
0.769
0.767
0.768
0.778
0.7805
0.7755
0.764
0.7745
0.768
0.7785
0.775
0.7635
0.7775
0.775
0.773
0.765
0.776
0.777
0.765
0.7705
0.7675
0.768
0.7705
0.7605
0.7715
0.7755
0.764
0.788
0.776
0.7595
0.7735
0.763
0.7695
0.7735
0.7765
0.7665
0.7695
0.7745
0.7615
0.7695
0.76
0.7635
0.77
0.764
0.7645
0.7645
0.7615
0.763
0.765
0.758
0.7595
0.759
0.767
0.7655
0.762
0.749
0.7635
0.7615
0.7625
0.7465
0.752
0.7605
0.7645
0.7535
0.75
0.7615
0.762
0.758
0.756
0.762
0.7505
0.7625
0.756
0.758
0.7675
0.766
0.762
0.765
0.7515
0.767
0.76
0.771
0.7585
0.7625
0.7555
0.7565
0.767
0.7645
0.7615
0.7585
0.7595
0.757
0.7575
0.7655
0.758
0.7575
0.76
0.7635
0.772
0.763
0.759
0.7685
0.763
0.7705
0.7625
0.768
0.7675
0.769
0.773
0.759
0.767
0.7665
0.76
0.7615
0.7515
0.7595
0.758
0.7655
0.762
0.761
0.7615
0.76
0.767
0.7685
0.7625
0.768
0.764
0.757
0.7655
0.759
0.7635
0.7655
0.761
0.7545
0.756
0.7635
0.758
0.7615
0.7685
0.7625
0.7595
0.769
0.7625
0.759
0.7635
0.765
0.7625
0.756
0.7575
0.767
0.7665
0.7565
0.7605
0.7525
0.7565
0.7575
0.745
0.7555
0.757
0.759
0.7505
0.7595
0.746
0.7585
0.7635
0.7625
0.755
0.7575
0.7575
0.763
0.759
0.752
0.76
0.7605
0.7535
0.753
0.756
0.763
0.76
0.7695
0.7665
0.7815
0.7705
0.771
0.7655
0.7645
0.77
0.7755
0.7595
0.7605
0.759
0.759
0.77
0.764
0.7615
0.773
0.758
0.7615
0.7725
0.767
0.771
0.7655
0.774
0.773
0.7695
0.763
0.7625
0.77
0.7665
0.7585
0.767
0.755
0.766
0.774
0.77
0.7755
0.7705
0.771
0.765
0.7765
0.7695
0.777
0.7735
0.7665
0.771
0.768
0.764
0.7735
0.7635
0.7725
0.764
0.772
0.7625
0.7635
0.762
0.7715
0.767
0.769
0.763
0.771
0.7675
0.759
0.766
0.766
0.772
0.7645
0.7635
0.758
0.7605
0.7605
0.771
0.765
0.767
0.7635
0.7585
0.7625
0.762
0.757
0.771
0.76
0.761
0.7655
0.7635
0.763
0.765
0.769
0.7655
0.771
0.7645
0.779
0.77
0.775
0.7705
0.7565
0.7705
0.775
0.776
0.7735
0.77
0.7755
0.7665
0.7705
0.7645
0.759
0.762
0.779
0.769
0.762
0.7615
0.765
0.7655
0.768
0.76
0.774
0.7585
0.753
0.7635
0.7525
0.7685
0.7665
0.766
0.768
0.768
0.7615
0.764
0.767
0.765
0.7655
0.7595
0.765
0.773
0.765
0.7695
0.774
0.779
0.7815
0.7785
0.776
0.776
0.7785
0.7775
0.7705
0.7745
0.7725
0.781
0.7805
0.775
0.7735
0.77
0.761
0.7775
0.7825
0.766
0.7555
0.7715
0.7685
0.7705
0.7645
0.7685
0.765
0.7685
0.7685
0.762
0.7685
0.77
0.7725
0.7665
0.7675
0.777
0.766
0.7615
0.7735
0.769
0.7685
0.7665
0.7765
0.755
0.7655
0.766
0.7565
0.7675
0.7705
0.7665
0.7655
0.774
0.772
0.7695
0.77
0.7725
0.777
0.777
0.778
0.7765
0.775
0.7685
0.772
0.7615
0.774
0.7705
0.762
0.7695
0.7735
0.78
0.784
0.7695
0.773
0.7705
0.775
0.7735
0.768
0.772
0.7765
0.7685
0.767
0.7755
0.769
0.7815
0.77
0.7635
0.776
0.777
0.7735
0.765
0.77
0.771
0.7705
0.7815
0.7745
0.7865
0.786
0.7865
0.772
0.7765
0.7815
0.7735
0.777
0.7795
0.773
0.772
0.775
0.786
0.7805
0.7765
0.786
0.775
0.7725
0.776
0.776
0.7655
0.7725
0.778
0.7795
0.773
0.779
0.7765
0.7755
0.774
0.772
0.788
0.7765
0.782
0.775
0.7845
0.7775
0.7745
0.789
0.778
0.782
0.7845
0.7775
0.7725
0.7765
0.7795
0.763
0.7745
0.7745
0.7755
0.7975
0.762
0.777
0.772
0.769
0.7745
0.768
0.7735
0.776
0.773
0.777
0.773
0.7665
0.7705
0.7715
0.7735
0.7725
0.767
0.7665
0.764
0.767
0.773
0.7735
0.77
0.7635
0.7675
0.764
0.7675
0.777
0.7655
0.7695
0.77
0.7665
0.776
0.7625
0.772
0.769
0.7745
0.771
0.782
0.78
0.7855
0.789
0.7775
0.776
0.781
0.7785
0.78
0.7775
0.783
0.7745
0.783
0.781
0.781
0.7735
0.782
0.772
0.7665
0.7835
0.765
0.7775
0.7765
0.767
0.7705
0.769
0.7695
0.7815
0.779
0.779
0.7745
0.774
0.769
0.7645
0.781
0.764
0.771
0.7635
0.7785
0.766
0.7685
0.7635
0.7625
0.766
0.7715
0.7635
0.762
0.7665
0.7765
0.767
0.7715
0.7605
0.768
0.745
0.7615
0.7615
0.7665
0.767
0.772
0.776
0.764
0.7745
0.773
0.7745
0.7765
0.7705
0.7675
0.764
0.769
0.7715
0.771
0.7615
0.7625
0.766
0.763
0.759
0.771
0.7685
0.774
0.7695
0.7705
0.7655
0.7705
0.771
0.765
0.758
0.762
0.769
0.7625
0.7675
0.7655
0.769
0.7625
0.7675
0.766
0.769
0.7675
0.762
0.766
0.763
0.764
0.771
0.7635
0.767
0.771
0.773
0.76
0.772
0.7705
0.77
0.769
0.7705
0.7625
0.76
0.767
0.7625
0.7755
0.7705
0.7665
0.7695
0.7685
0.766
0.7675
0.762
0.761
0.7625
0.76
0.76
0.763
0.7625
0.7645
0.7615
0.755
0.7665
0.7655
0.7605
0.7605
0.767
0.764
0.7525
0.764
0.76
0.7585
0.76
0.7615
0.759
0.7645
0.7585
0.7615
0.76
0.767
0.771
0.76
0.755
0.7625
0.7525
0.7645
0.7525
0.758
0.759
0.7565
0.7655
0.7605
0.766
0.7585
0.7575
0.748
0.756
0.7515
0.7525
0.789
0.753
0.7565
0.749
0.771
0.7665
0.759
0.749
0.7525
0.7525
0.762
0.755
0.761
0.756
0.7665
0.7625
0.764
0.764
0.757
0.762
0.751
0.7695
0.756
0.7545
0.7535
0.757
0.7535
0.7555
0.7495
0.7545
0.7455
0.7595
0.7605
0.751
0.7455
0.748
0.751
0.745
0.7505
0.7555
0.7595
0.7545
0.758
0.7565
0.7595
0.762
0.752
0.7505
0.7465
0.7565
0.748
0.755
0.7495
0.7565
0.7545
0.7575
0.7495
0.7575
0.7525
0.752
0.7595
0.765
0.7585
0.748
0.7475
0.7485
0.748
0.755
0.7615
0.747
0.7605
0.761
0.7635
0.757
0.76
0.7665
0.7705
0.759
0.7615
0.762
0.7655
0.759
0.7595
0.755
0.754
0.7575
0.748
0.7515
0.754
0.7565
0.756
0.7505
0.7555
0.766
0.7515
0.76
0.753
0.764
0.7575
0.759
0.7665
0.7635
0.758
0.7665
0.77
0.756
0.7615
0.759
0.692
0.7665
0.7715
0.7635
0.7695
0.7755
0.7675
0.765
0.764
0.773
0.759
0.7735
0.7655
0.7725
0.765
0.764
0.7635
0.7655
0.769
0.775
0.7665
0.7665
0.3615
0.7605
0.77
0.767
0.7645
0.7665
0.771
0.774
0.767
0.774
0.755
0.763
0.7635
0.767
0.756
0.771
0.77
0.7745
0.775
0.7645
0.77
0.7715
0.757
0.772
0.765
0.7775
0.778
0.7735
0.7695
0.7735
0.7645
0.764
0.7725
0.772
0.775
0.765
0.77
0.775
0.776
0.771
0.7655
0.771
0.771
0.77
0.77
0.775
0.773
0.78
0.766
0.769
0.771
0.762
0.7595
0.7765
0.7705
0.7685
0.767
0.7655
0.768
0.77
0.7695
0.766
0.7745
0.771
0.7625
0.7675
0.762
0.767
0.761
0.756
0.753
0.759
0.761
0.762
0.766
0.765
0.7675
0.7495
0.756
0.775
0.766
0.759
0.779
0.7565
0.7625
0.766
0.7685
0.77
0.7715
0.7765
0.772
0.7625
0.764
0.772
0.7735
0.774
0.7685
0.7735
0.77
0.771
0.7655
0.786
0.7765
0.7615
0.773
0.77
0.7615
0.771
0.759
0.7765
0.77
0.773
0.7685
0.772
0.769
0.767
0.7625
0.753
0.761
0.765
0.7665
0.773
0.7665
0.7725
0.76
0.773
0.7625
0.773
0.764
0.7715
0.7595
0.767
0.769
0.7655
0.7715
0.765
0.764
0.7655
0.7715
0.7675
0.7645
0.7665
0.766
0.7605
0.7645
0.7645
0.777
0.77
0.7735
0.7615
0.7655
0.7645
0.77
0.7595
0.7675
0.776
0.7715
0.767
0.769
0.773
0.766
0.775
0.768
0.7645
0.774
0.7685
0.773
0.779
0.7725
0.7695
0.768
0.7645
0.774
0.775
0.779
0.778
0.775
0.7745
0.7335
0.7715
0.7745
0.783
0.7785
0.771
0.7695
0.768
0.779
0.783
0.7755
0.773
0.768
0.7805
0.777
0.772
0.637
0.7705
0.7715
0.779
0.7725
0.7775
0.774
0.7765
0.774
0.77
0.7735
0.779
0.7765
0.772
0.7755
0.7865
0.785
0.7645
0.775
0.7685
0.774
0.7775
0.7805
0.771
0.772
0.773
0.7705
0.7675
0.7905
0.78
0.776
0.781
0.7745
0.779
0.7715
0.7705
0.784
0.7775
0.781
0.779
0.789
0.786
0.7845
0.7325
0.783
0.787
0.7835
0.7815
0.774
0.781
0.783
0.778
0.7865
0.7785
0.778
0.783
0.777
0.775
0.783
0.775
0.785
0.777
0.7805
0.7855
0.7855
0.776
0.773
0.784
0.773
0.772
0.774
0.7825
0.78
0.773
0.778
0.785
0.7835
0.776
0.7735
0.7835
0.772
0.783
0.779
0.788
0.7855
0.7815
0.777
0.7905
0.7725
0.78
0.775
0.778
0.7815
0.7795
0.7785
0.771
0.7825
0.775
0.778
0.7725
0.776
0.7735
0.775
0.777
0.7755
0.774
0.764
0.78
0.7735
0.7765
0.771
0.7765
0.772
0.7725
0.769
0.768
0.7635
0.769
0.7645
0.764
0.774
0.7745
0.773
0.7715
0.7625
0.7715
0.762
0.7775
0.776
0.771
0.7725
0.7765
0.769
0.7755
0.7825
0.776
0.7875
0.776
0.7785
0.7765
0.78
0.7745
0.778
0.779
0.7765
0.7815
0.7725
0.7775
0.7755
0.7735
0.7745
0.778
0.7655
0.7685
0.772
0.7745
0.7735
0.7705
0.782
0.7745
0.768
0.771
0.779
0.78
0.781
0.7725
0.779
0.784
0.7765
0.7745
0.772
0.7785
0.781
0.78
0.775
0.7795
0.7805
0.7755
0.7795
0.773
0.7725
0.778
0.7815
0.7695
0.773
0.7825
0.7805
0.7755
0.7765
0.776
0.7805
0.7675
0.7765
0.7825
0.78
0.7715
0.772
0.785
0.7705
0.776
0.771
0.7835
0.782
0.7705
0.776
0.783
0.7875
0.779
0.7765
0.779
0.785
0.7785
0.7775
0.784
0.7735
0.7785
0.7745
0.78
0.7865
0.7755
0.7745
0.766
0.7855
0.7755
0.777
0.7785
0.783
0.7755
0.769
0.7645
0.778
0.774
0.779
0.771
0.777
0.777
0.7715
0.7775
0.7745
0.774
0.7765
0.771
0.7665
0.766
0.771
0.765
0.766
0.7635
0.766
0.7705
0.77
0.764
0.7705
0.7665
0.7695
0.7655
0.7795
0.7725
0.764
0.7695
0.782
0.7725
0.771
0.7705
0.7655
0.769
0.7745
0.769
0.7705
0.774
0.7665
0.768
0.7735
0.77
0.768
0.769
0.763
0.7645
0.7755
0.768
0.7695
0.777
0.77
0.7675
0.7655
0.768
0.781
0.7655
0.761
0.7635
0.767
0.774
0.7655
0.771
0.7745
0.78
0.7715
0.7705
0.7755
0.7595
0.7675
0.766
0.7595
0.76
0.762
0.762
0.7695
0.771
0.7725
0.773
0.7815
0.7675
0.7735
0.771
0.773
0.7815
0.7765
0.7695
0.77
0.773
0.7715
0.772
0.762
0.7735
0.779
0.79
0.7735
0.774
0.7745
0.774
0.7765
0.7745
0.773
0.78
0.7745
0.7845
0.774
0.7795
0.7755
0.772
0.7695
0.7685
0.778
0.7655
0.7655
0.785
0.7745
0.7765
0.764
0.782
0.7735
0.7835
0.772
0.772
0.777
0.7745
0.7885
0.772
0.7665
0.768
0.7685
0.7715
0.775
0.7785
0.778
0.7745
0.7805
0.7735
0.7795
0.7805
0.765
0.773
0.7705
0.7775
0.7715
0.771
0.763
0.7775
0.7705
0.7815
0.7725
0.7625
0.7695
0.776
0.776
0.7715
0.7735
0.779
0.7825
0.7795
0.777
0.7755
0.7835
0.7805
0.775
0.7785
0.7775
0.772
0.7805
0.7765
0.775
0.778
0.775
0.7845
0.781
0.7805
0.786
0.782
0.7845
0.774
0.7845
0.7735
0.7755
0.788
0.7795
0.7805
0.7785
0.78
0.783
0.784
0.785
0.7735
0.782
0.7795
0.7885
0.7775
0.781
0.7885
0.782
0.7895
0.78
0.7745
0.788
0.779
0.781
0.78
0.778
0.776
0.7875
0.7805
0.7785
0.782
0.789
0.7795
0.777
0.7905
0.79
0.784
0.78
0.7785
0.7795
0.7825
0.7865
0.7815
0.7735
0.7835
0.7835
0.773
0.7765
0.7725
0.787
0.7795
0.789
0.785
0.777
0.7785
0.777
0.78
0.7795
0.774
0.785
0.7785
0.7795
0.7815
0.7735
0.7825
0.778
0.7745
0.778
0.7785
0.78
0.78
0.78
0.7785
0.7695
0.7725
0.777
0.776
0.786
0.7795
0.779
0.782
0.7815
0.7785
0.7855
0.785
0.777
0.775
0.778
0.7855
0.769
0.7935
0.779
0.784
0.7795
0.773
0.777
0.7765
0.782
0.7815
0.7785
0.779
0.7805
0.7755
0.784
0.781
0.7675
0.765
0.774
0.8085
0.7735
0.7745
0.77
0.7805
0.776
0.776
0.774
0.783
0.777
0.7735
0.7685
0.7765
0.776
0.775
0.7695
0.7685
0.771
0.768
0.7745
0.7645
0.771
0.771
0.7665
0.78
0.7815
0.7785
0.772
0.7725
0.78
0.775
0.7725
0.7695
0.7625
0.7685
0.768
0.77
0.774
0.7695
0.772
0.778
0.7715
0.765
0.764
0.7725
0.771
0.7705
0.769
0.772
0.766
0.777
0.775
0.7805
0.778
0.779
0.77
0.7805
0.7765
0.7725
0.773
0.7735
0.783
0.7795
0.7685
0.783
0.7765
0.781
0.776
0.782
0.7785
0.7765
0.785
0.7715
0.7725
0.7845
0.7715
0.765
0.781
0.777
0.7725
0.779
0.7825
0.772
0.78
0.7705
0.7715
0.7785
0.781
0.7735
0.772
0.7695
0.778
0.7705
0.7695
0.7695
0.775
0.7805
0.7795
0.778
0.7815
0.773
0.7795
0.7825
0.785
0.776
0.7835
0.778
0.786
0.772
0.7835
0.776
0.772
0.78
0.777
0.783
0.774
0.7725
0.7735
0.7835
0.776
0.7755
0.7735
0.7795
0.7795
0.7755
0.777
0.7775
0.778
0.775
0.7705
0.777
0.772
0.781
0.7785
0.784
0.7885
0.776
0.7775
0.7825
0.7765
0.7795
0.7675
0.776
0.777
0.776
0.768
0.7735
0.774
0.771
0.763
0.774
0.7645
0.774
0.777
0.7715
0.77
0.777
0.772
0.7775
0.7805
0.777
0.78
0.783
0.779
0.783
0.779
0.7755
0.7745
0.772
0.7745
0.7795
0.7795
0.7815
0.7815
0.776
0.7825
0.771
0.768
0.772
0.779
0.7765
0.771
0.774
0.779
0.7795
0.774
0.768
0.775
0.7715
0.7695
0.7685
0.7705
0.764
0.7565
0.7725
0.7705
0.7715
0.7645
0.763
0.771
0.7585
0.765
0.7705
0.7705
0.769
0.7605
0.755
0.769
0.7585
0.7585
0.7695
0.7675
0.7685
0.773
0.762
0.7715
0.7625
0.7605
0.76
0.764
0.7685
0.7565
0.769
0.767
0.758
0.762
0.761
0.7625
0.762
0.7625
0.7595
0.756
0.772
0.7705
0.7625
0.768
0.76
0.7655
0.765
0.7705
0.7685
0.7635
0.7645
0.7645
0.768
0.7625
0.749
0.763
0.761
0.7645
0.7675
0.761
0.76
0.781
0.768
0.758
0.7645
0.7695
0.7605
0.7705
0.76
0.766
0.7665
0.761
0.767
0.764
0.7655
0.764
0.7675
0.7685
0.7655
0.7665
0.7585
0.7655
0.756
0.759
0.7735
0.773
0.761
0.767
0.762
0.7635
0.765
0.768
0.764
0.762
0.771
0.766
0.772
0.775
0.759
0.774
0.7735
0.7715
0.7785
0.7785
0.766
0.78
0.771
0.778
0.7745
0.7725
0.7815
0.7825
0.7815
0.7815
0.781
0.768
0.7745
0.777
0.772
0.767
0.777
0.777
0.769
0.78
0.778
0.778
0.771
0.772
0.77
0.773
0.7765
0.7665
0.775
0.764
0.7745
0.7645
0.7745
0.7665
0.7765
0.7795
0.775
0.774
0.7675
0.7695
0.7645
0.766
0.768
0.7715
0.769
0.7745
0.7665
0.7715
0.782
0.766
0.764
0.768
0.7795
0.779
0.767
0.777
0.7745
0.7715
0.775
0.769
0.772
0.771
0.7715
0.777
0.776
0.7695
0.7805
0.7755
0.766
0.7675
0.7695
0.7735
0.773
0.776
0.783
0.771
0.781
0.769
0.7725
0.776
0.7785
0.772
0.772
0.7735
0.7675
0.771
0.777
0.77
0.7735
0.771
0.7785
0.777
0.7725
0.7625
0.771
0.7835
0.7635
0.773
0.769
0.771
0.7695
0.766
0.771
0.7785
0.7705
0.7665
0.7755
0.77
0.771
0.7675
0.767
0.761
0.771
0.7675
0.765
0.7765
0.7735
0.7705
0.771
0.7745
0.767
0.767
0.7615
0.7765
0.772
0.77
0.771
0.7695
0.7725
0.765
0.7755
0.774
0.76
0.7685
0.77
0.772
0.7655
0.7665
0.7665
0.768
0.711
0.771
0.768
0.765
0.7635
0.768
0.7695
0.7605
0.763
0.77
0.7685
0.7655
0.7645
0.7675
0.771
0.771
0.7665
0.7705
0.767
0.7665
0.769
0.767
0.756
0.7605
0.769
0.763
0.7635
0.7655
0.765
0.7675
0.776
0.7625
0.771
0.772
0.7645
0.772
0.769
0.7725
0.7725
0.768
0.7715
0.7725
0.7735
0.767
0.7795
0.778
0.768
0.78
0.772
0.7745
0.769
0.7685
0.766
0.7715
0.766
0.7695
0.7705
0.7655
0.7755
0.767
0.767
0.7655
0.7655
0.7725
0.7675
0.773
0.773
0.765
0.7615
0.7695
0.7685
0.7655
0.77
0.775
0.7755
0.7635
0.776
0.7705
0.7665
0.768
0.7815
0.775
0.764
0.7735
0.775
0.771
0.777
0.7765
0.769
0.779
0.7805
0.7685
0.779
0.771
0.7745
0.7705
0.7755
0.7635
0.7765
0.776
0.779
0.766
0.7755
0.7775
0.773
0.776
0.7775
0.7795
0.774
0.7725
0.773
0.773
0.765
0.765
0.7805
0.772
0.7705
0.777
0.7705
0.775
0.777
0.7675
0.779
0.7735
0.775
0.775
0.7715
0.769
0.7705
0.7745
0.7695
0.769
0.7795
0.7745
0.7715
0.7725
0.767
0.778
0.7695
0.774
0.754
0.766
0.7745
0.7735
0.774
0.7735
0.7685
0.773
0.7745
0.7685
0.7755
0.771
0.7765
0.774
0.7705
0.767
0.771
0.773
0.7685
0.777
0.772
0.772
0.768
0.7655
0.765
0.767
0.7765
0.7865
0.765
0.7735
0.775
0.772
0.769
0.7715
0.775
0.7655
0.7765
0.779
0.783
0.7735
0.778
0.7745
0.7635
0.77
0.7735
0.7695
0.7675
0.765
0.7685
0.7555
0.769
0.7695
0.7675
0.7645
0.76
0.768
0.7795
0.781
0.762
0.7675
0.777
0.78
0.775
0.7705
0.777
0.777
0.7785
0.771
0.776
0.774
0.7735
0.7785
0.7805
0.785
0.7765
0.773
0.775
0.775
0.765
0.769
0.771
0.775
0.783
0.7655
0.78
0.772
0.7725
0.777
0.7775
0.7795
0.762
0.7845
0.7725
0.781
0.779
0.774
0.7705
0.7775
0.771
0.773
0.777
0.774
0.7685
0.7675
0.7665
0.7665
0.7725
0.7745
0.7655
0.776
0.779
0.771
0.7705
0.776
0.7785
0.774
0.7725
0.777
0.7755
0.775
0.7725
0.7835
0.774
0.768
0.775
0.7715
0.772
0.774
0.7655
0.7755
0.7665
0.7755
0.7735
0.7755
0.7795
0.7745
0.7775
0.7685
0.7785
0.77
0.7635
0.7695
0.775
0.77
0.7745
0.7695
0.774
0.771
0.763
0.774
0.77
0.771
0.7735
0.7795
0.7675
0.7735
0.775
0.762
0.7635
0.7695
0.77
0.7635
0.772
0.764
0.773
0.7615
0.762
0.7655
0.767
0.764
0.7675
0.7705
0.7685
0.771
0.7725
0.765
0.768
0.7705
0.777
0.77
0.775
0.7795
0.7835
0.773
0.774
0.7715
0.782
0.7725
0.7805
0.78
0.78
0.773
0.772
0.776
0.7715
0.786
0.773
0.7835
0.7765
0.7795
0.784
0.7705
0.7735
0.7755
0.7795
0.7795
0.774
0.785
0.7855
0.774
0.7775
0.777
0.781
0.7735
0.7705
0.775
0.783
0.7655
0.781
0.781
0.772
0.782
0.7775
0.777
0.7745
0.7715
0.774
0.7765
0.7765
0.7825
0.7685
0.781
0.774
0.7765
0.7645
0.7795
0.786
0.7735
0.779
0.778
0.7715
0.769
0.775
0.776
0.7785
0.777
0.7735
0.77
0.7795
0.77
0.783
0.768
0.7645
0.7725
0.769
0.771
0.7815
0.775
0.7725
0.7645
0.7715
0.7685
0.771
0.768
0.7695
0.7645
0.7645
0.7765
0.768
0.76
0.771
0.773
0.77
0.76
0.758
0.768
0.761
0.766
0.772
0.7705
0.772
0.763
0.7705
0.7695
0.778
0.772
0.7695
0.7655
0.779
0.7795
0.779
0.774
0.7665
0.777
0.7745
0.7755
0.769
0.7765
0.778
0.78
0.7755
0.775
0.775
0.776
0.7585
0.77
0.772
0.7785
0.7725
0.765
0.7715
0.774
0.774
0.765
0.775
0.7635
0.7655
0.778
0.7695
0.7705
0.757
0.77
0.771
0.7745
0.7665
0.7605
0.7625
0.7785
0.78
0.7795
0.7785
0.768
0.772
0.7795
0.773
0.78
0.776
0.769
0.783
0.773
0.7795
0.7775
0.782
0.7805
0.775
0.7835
0.777
0.775
0.782
0.7935
0.779
0.783
0.7835
0.782
0.778
0.777
0.784
0.78
0.782
0.7705
0.7725
0.778
0.7795
0.764
0.777
0.766
0.769
0.769
0.77
0.7745
0.767
0.769
0.7695
0.7725
0.7725
0.7725
0.769
0.7635
0.766
0.7765
0.774
0.777
0.7795
0.7695
0.7665
0.7725
0.7705
0.771
0.767
0.7745
0.7715
0.7695
0.7565
0.771
0.7825
0.7645
0.768
0.7705
0.7675
0.766
0.7635
0.7705
0.7665
0.7635
0.762
0.768
0.7675
0.769
0.7625
0.7685
0.773
0.771
0.7705
0.773
0.769
0.766
0.768
0.7615
0.7725
0.769
0.7625
0.7635
0.7675
0.764
0.7615
0.7635
0.7615
0.7635
0.7775
0.7685
0.7595
0.7635
0.7675
0.7655
0.7625
0.769
0.7605
0.76
0.766
0.7695
0.7665
0.766
0.769
0.7595
0.769
0.7725
0.77
0.7765
0.7805
0.7815
0.7785
0.7735
0.7785
0.779
0.773
0.769
0.7675
0.778
0.773
0.775
0.7775
0.7675
0.7715
0.772
0.7685
0.7695
0.77
0.7645
0.777
0.7725
0.779
0.774
0.774
0.778
0.7735
0.7755
0.775
0.7755
0.7765
0.764
0.772
0.77
0.7735
0.7765
0.769
0.7785
0.7605
0.767
0.7775
0.771
0.772
0.7705
0.777
0.775
0.7745
0.777
0.773
0.7705
0.7785
0.775
0.7755
0.7755
0.7765
0.774
0.776
0.7765
0.771
0.7765
0.7805
0.778
0.776
0.7695
0.77
0.779
0.765
0.7685
0.767
0.7675
0.761
0.768
0.7715
0.777
0.772
0.767
0.771
0.77
0.7755
0.7705
0.7705
0.766
0.7745
0.774
0.776
0.7805
0.776
0.764
0.768
0.767
0.7735
0.7755
0.7715
0.771
0.7665
0.7665
0.7685
0.763
0.7725
0.777
0.7735
0.7725
0.762
0.776
0.7645
0.761
0.764
0.7705
0.768
0.7735
0.7705
0.7705
0.7715
0.77
0.7725
0.7755
0.7695
0.7735
0.769
0.769
0.766
0.7675
0.775
0.767
0.771
0.777
0.766
0.77
0.7715
0.7725
0.771
0.777
0.772
0.773
0.775
0.768
0.7725
0.7755
0.757
0.773
0.778
0.7765
0.769
0.7725
0.7685
0.7695
0.7715
0.783
0.7795
0.773
0.769
0.774
0.7725
0.771
0.764
0.774
0.7815
0.783
0.7765
0.7765
0.7795
0.7785
0.773
0.779
0.7745
0.7795
0.7725
0.783
0.7765
0.7805
0.779
0.776
0.779
0.785
0.778
0.774
0.7715
0.7745
0.7725
0.776
0.77
0.7775
0.7715
0.777
0.7725
0.7745
0.766
0.7825
0.7785
0.7735
0.767
0.77
0.7645
0.777
0.7735
0.776
0.7795
0.77
0.768
0.771
0.777
0.7675
0.7685
0.782
0.7765
0.774
0.7665
0.768
0.7675
0.7645
0.767
0.7675
0.7585
0.7625
0.7655
0.7725
0.7635
0.776
0.7745
0.77
0.768
0.7735
0.771
0.7705
0.783
0.767
0.77
0.7755
0.772
0.773
0.77
0.769
0.7705
0.783
0.7765
0.772
0.7785
0.765
0.766
0.7785
0.7665
0.7765
0.773
0.7695
0.769
0.7695
0.7725
0.7685
0.7695
0.7715
0.7695
0.7715
0.7685
0.768
0.7755
0.773
0.771
0.774
0.7695
0.7785
0.776
0.773
0.7675
0.771
0.773
0.772
0.7685
0.777
0.771
0.7725
0.7815
0.778
0.766
0.769
0.776
0.7705
0.782
0.783
0.774
0.7735
0.772
0.775
0.7715
0.772
0.7695
0.7735
0.771
0.7685
0.7725
0.7725
0.7805
0.7755
0.7755
0.768
0.77
0.766
0.7795
0.7725
0.771
0.766
0.7705
0.777
0.7645
0.7755
0.7675
0.768
0.7775
0.7765
0.767
0.7705
0.762
0.7745
0.775
0.761
0.7595
0.764
0.763
0.7655
0.7655
0.757
0.767
0.77
0.7655
0.767
0.7585
0.768
0.7645
0.7645
0.7715
0.7655
0.768
0.7655
0.764
0.7705
0.777
0.7685
0.764
0.7675
0.7615
0.7665
0.7635
0.7685
0.754
0.76
0.7615
0.777
0.765
0.7695
0.7765
0.7635
0.773
0.769
0.7685
0.7705
0.7745
0.7775
0.773
0.773
0.7745
0.773
0.779
0.7735
0.772
0.7665
0.7725
0.7685
0.773
0.7765
0.7765
0.7765
0.769
0.772
0.7755
0.779
0.7725
0.7785
0.7795
0.775
0.7595
0.7695
0.7635
0.763
0.766
0.769
0.768
0.765
0.765
0.7685
0.775
0.762
0.7685
0.765
0.7645
0.767
0.7635
0.759
0.77
0.7645
0.769
0.765
0.772
0.7665
0.782
0.7735
0.7665
0.772
0.762
0.764
0.765
0.767
0.766
0.7755
0.762
0.773
0.7715
0.7655
0.767
