0.106
0.1435
0.1795
0.202
0.214
0.2365
0.252
0.2595
0.266
0.2765
0.291
0.3025
0.302
0.3015
0.315
0.3255
0.325
0.323
0.3435
0.346
0.3565
0.356
0.3585
0.3725
0.3715
0.378
0.378
0.387
0.377
0.386
0.393
0.393
0.394
0.388
0.404
0.4035
0.416
0.405
0.403
0.42
0.4225
0.423
0.425
0.4205
0.4295
0.423
0.424
0.4335
0.4435
0.444
0.448
0.449
0.4595
0.451
0.4535
0.456
0.465
0.4605
0.467
0.4715
0.462
0.473
0.46
0.4655
0.472
0.487
0.494
0.4845
0.4845
0.484
0.491
0.49
0.4935
0.494
0.495
0.5005
0.5035
0.5015
0.5075
0.496
0.5095
0.505
0.5145
0.5075
0.5135
0.5185
0.518
0.5155
0.5275
0.52
0.528
0.5305
0.5375
0.539
0.5275
0.5425
0.537
0.538
0.552
0.538
0.551
0.5435
0.5435
0.5465
0.55
0.5555
0.557
0.566
0.5515
0.5565
0.562
0.5585
0.5675
0.56
0.555
0.569
0.572
0.5765
0.5725
0.571
0.5645
0.5645
0.5725
0.5745
0.582
0.5845
0.5855
0.586
0.594
0.5815
0.5915
0.5885
0.5895
0.5905
0.588
0.5955
0.5975
0.596
0.5965
0.6015
0.5965
0.6025
0.6055
0.607
0.6025
0.6045
0.603
0.6095
0.6175
0.603
0.6105
0.616
0.6165
0.617
0.615
0.6085
0.6225
0.6165
0.619
0.6125
0.6075
0.6135
0.6115
0.62
0.6165
0.621
0.6205
0.6155
0.624
0.6215
0.63
0.6245
0.625
0.625
0.6265
0.63
0.6325
0.6275
0.6335
0.6385
0.6295
0.619
0.637
0.6355
0.6325
0.6345
0.641
0.64
0.6385
0.6415
0.6385
0.635
0.642
0.6405
0.642
0.6365
0.6395
0.647
0.64
0.6385
0.6525
0.646
0.65
0.6425
0.642
0.647
0.639
0.6495
0.6515
0.649
0.6535
0.662
0.654
0.647
0.6665
0.655
0.6525
0.6525
0.654
0.6645
0.661
0.655
0.659
0.657
0.6545
0.6575
0.6705
0.664
0.658
0.661
0.666
0.6615
0.6645
0.6745
0.6575
0.663
0.662
0.661
0.676
0.664
0.671
0.6635
0.677
0.677
0.673
0.6785
0.6715
0.669
0.679
0.6685
0.6795
0.6775
0.6745
0.6745
0.678
0.6765
0.6795
0.6805
0.68
0.6805
0.6745
0.681
0.6785
0.6805
0.686
0.682
0.686
0.692
0.681
0.686
0.6815
0.689
0.6795
0.6885
0.686
0.683
0.6865
0.6845
0.6855
0.685
0.688
0.6865
0.685
0.686
0.6855
0.682
0.6905
0.6855
0.6895
0.6955
0.6915
0.684
0.692
0.6955
0.6895
0.689
0.6965
0.6915
0.694
0.6985
0.686
0.7025
0.7035
0.705
0.6995
0.6965
0.6995
0.6965
0.6975
0.698
0.691
0.6945
0.698
0.7005
0.697
0.7045
0.704
0.6975
0.703
0.7045
0.697
0.7045
0.7075
0.702
0.715
0.6895
0.707
0.71
0.7085
0.707
0.707
0.7045
0.7075
0.7095
0.7195
0.7075
0.711
0.7075
0.706
0.705
0.708
0.7065
0.708
0.701
0.7115
0.71
0.7055
0.7175
0.7165
0.717
0.7065
0.704
0.7085
0.71
0.72
0.708
0.712
0.7065
0.7135
0.718
0.716
0.7135
0.7075
0.709
0.7105
0.7215
0.7195
0.717
0.7165
0.711
0.71
0.7185
0.7115
0.72
0.7235
0.7195
0.719
0.713
0.723
0.718
0.723
0.721
0.7265
0.72
0.7255
0.716
0.725
0.7245
0.7235
0.7245
0.718
0.7265
0.7165
0.72
0.7265
0.711
0.718
0.7205
0.72
0.7225
0.718
0.7225
0.7245
0.7275
0.729
0.7275
0.734
0.719
0.7235
0.7275
0.7245
0.723
0.7255
0.7325
0.7265
0.732
0.732
0.736
0.7285
0.7315
0.731
0.7325
0.732
0.7215
0.729
0.7335
0.7315
0.7325
0.7275
0.7285
0.7265
0.723
0.727
0.73
0.723
0.7205
0.734
0.726
0.736
0.736
0.7335
0.7415
0.735
0.734
0.7355
0.7415
0.7365
0.7395
0.7365
0.732
0.7325
0.7325
0.7395
0.732
0.7335
0.741
0.741
0.7465
0.742
0.738
0.7355
0.737
0.7345
0.7445
0.7395
0.744
0.7455
0.7485
0.7375
0.7445
0.748
0.741
0.7385
0.738
0.745
0.744
0.751
0.7425
0.7415
0.7475
0.746
0.7445
0.748
0.744
0.7395
0.748
0.7425
0.7525
0.741
0.7535
0.751
0.749
0.744
0.741
0.747
0.754
0.742
0.7455
0.7415
0.739
0.747
0.743
0.746
0.7465
0.7495
0.7405
0.739
0.7385
0.7385
0.744
0.7525
0.7455
0.7435
0.7435
0.7475
0.7495
0.7405
0.752
0.757
0.7485
0.742
0.747
0.739
0.738
0.751
0.7515
0.744
0.7455
0.7485
0.754
0.7475
0.744
0.7485
0.7485
0.743
0.747
0.7535
0.75
0.7375
0.7475
0.7495
0.755
0.752
0.753
0.7435
0.753
0.7475
0.7505
0.7485
0.7525
0.751
0.756
0.74
0.746
0.7555
0.748
0.7515
0.748
0.7515
0.7485
0.755
0.744
0.764
0.7535
0.753
0.7585
0.75
0.7575
0.7545
0.752
0.753
0.759
0.75
0.759
0.7515
0.753
0.7535
0.7585
0.7555
0.756
0.757
0.748
0.7555
0.746
0.7455
0.7525
0.753
0.7485
0.753
0.75
0.7515
0.7625
0.751
0.757
0.7525
0.766
0.7535
0.753
0.7595
0.757
0.7575
0.7625
0.761
0.757
0.7645
0.758
0.7555
0.761
0.7515
0.763
0.759
0.757
0.763
0.7585
0.767
0.7575
0.7655
0.7545
0.77
0.764
0.764
0.758
0.765
0.757
0.7535
0.7635
0.762
0.764
0.7725
0.761
0.759
0.761
0.769
0.766
0.7595
0.7555
0.753
0.7545
0.76
0.7585
0.7585
0.761
0.7585
0.771
0.76
0.766
0.7575
0.7665
0.7675
0.761
0.767
0.763
0.76
0.763
0.759
0.7695
0.759
0.7615
0.764
0.7585
0.766
0.7605
0.762
0.764
0.766
0.77
0.7695
0.765
0.7725
0.7685
0.7695
0.765
0.7605
0.765
0.7635
0.772
0.766
0.762
0.775
0.765
0.7685
0.7665
0.7675
0.7615
0.773
0.7675
0.772
0.7695
0.7665
0.7735
0.7675
0.758
0.7615
0.7765
0.7645
0.7615
0.7715
0.766
0.77
0.769
0.7745
0.7595
0.764
0.772
0.7635
0.7745
0.766
0.771
0.7655
0.7575
0.772
0.759
0.7755
0.764
0.765
0.766
0.777
0.768
0.7715
0.763
0.7725
0.769
0.7685
0.7675
0.77
0.768
0.7675
0.7625
0.7795
0.7685
0.7715
0.7715
0.776
0.774
0.77
0.775
0.769
0.7655
0.772
0.77
0.7735
0.763
0.771
0.774
0.775
0.7705
0.7735
0.7725
0.7685
0.7735
0.7705
0.778
0.768
0.769
0.775
0.781
0.7715
0.7715
0.7685
0.775
0.7845
0.777
0.769
0.7795
0.768
0.7745
0.7715
0.7745
0.7795
0.771
0.771
0.7785
0.776
0.7785
0.767
0.7635
0.7645
0.7705
0.7685
0.785
0.774
0.7705
0.78
0.771
0.77
0.7685
0.7715
0.774
0.782
0.7705
0.774
0.7815
0.7685
0.7755
0.773
0.7835
0.769
0.772
0.7825
0.77
0.779
0.7745
0.7785
0.774
0.786
0.7915
0.783
0.784
0.7795
0.78
0.79
0.7825
0.7755
0.775
0.7835
0.7655
0.773
0.778
0.7735
0.769
0.778
0.7835
0.7785
0.78
0.7725
0.782
0.778
0.7865
0.7735
0.7805
0.777
0.7775
0.7845
0.769
0.7845
0.781
0.7805
0.7885
0.7845
0.788
0.7835
0.781
0.7825
0.778
0.786
0.786
0.793
0.7835
0.78
0.7875
0.784
0.7825
0.782
0.784
0.781
0.781
0.7795
0.7695
0.7825
0.7795
0.785
0.786
0.7875
0.78
0.7845
0.7805
0.7855
0.7855
0.782
0.781
0.7805
0.782
0.775
0.792
0.7795
0.779
0.783
0.7845
0.784
0.784
0.788
0.7845
0.7885
0.778
0.7815
0.778
0.783
0.782
0.7875
0.795
0.7895
0.7845
0.789
0.7825
0.782
0.786
0.7835
0.7855
0.791
0.791
0.7825
0.785
0.7915
0.791
0.788
0.7935
0.7775
0.7955
0.789
0.7855
0.786
0.7865
0.7875
0.788
0.779
0.782
0.782
0.785
0.782
0.787
0.778
0.7795
0.7755
0.778
0.7845
0.7835
0.784
0.793
0.7815
0.7945
0.789
0.7905
0.7845
0.788
0.7835
0.7815
0.792
0.785
0.7855
0.787
0.7845
0.79
0.787
0.79
0.79
0.7865
0.7865
0.793
0.7925
0.785
0.7845
0.774
0.793
0.79
0.7785
0.7865
0.794
0.7835
0.794
0.7945
0.782
0.7835
0.792
0.7905
0.782
0.7885
0.784
0.7895
0.801
0.781
0.7775
0.7895
0.7915
0.79
0.786
0.7885
0.7865
0.795
0.786
0.7865
0.789
0.785
0.7945
0.7805
0.791
0.79
0.7895
0.7775
0.7835
0.7965
0.7875
0.781
0.7835
0.788
0.7955
0.784
0.7855
0.7925
0.7895
0.7845
0.7915
0.7915
0.778
0.79
0.7915
0.78
0.788
0.7975
0.7975
0.786
0.785
0.792
0.787
0.787
0.7955
0.7915
0.789
0.781
0.788
0.794
0.794
0.784
0.7935
0.784
0.7875
0.7895
0.794
0.793
0.7855
0.7855
0.7905
0.7975
0.7835
0.7875
0.783
0.7935
0.7885
0.7895
0.7875
0.7875
0.787
0.797
0.7835
0.785
0.7855
0.796
0.795
0.796
0.7725
0.792
0.794
0.796
0.7905
0.716
0.7885
0.7995
0.7925
0.7865
0.795
0.7885
0.787
0.7995
0.7965
0.801
0.7925
0.787
0.796
0.7975
0.794
0.789
0.7945
0.7945
0.7945
0.792
0.7905
0.791
0.795
0.7985
0.7965
0.7965
0.7975
0.7925
0.7995
0.7915
0.7875
0.7905
0.8005
0.7855
0.7905
0.7925
0.7945
0.7935
0.793
0.7985
0.7945
0.7875
0.7925
0.7955
0.791
0.789
0.7885
0.7895
0.793
0.789
0.7945
0.7925
0.791
0.796
0.794
0.7965
0.7925
0.795
0.8005
0.7995
0.7945
0.8
0.7995
0.7985
0.7775
0.8035
0.789
0.7945
0.795
0.7935
0.793
0.7935
0.7975
0.797
0.799
0.7955
0.8025
0.792
0.809
0.7995
0.7975
0.801
0.802
0.7935
0.792
0.8
0.8015
0.802
0.7915
0.8005
0.7955
0.7985
0.7945
0.7945
0.801
0.7965
0.7955
0.8005
0.7945
0.802
0.802
0.796
0.797
0.798
0.8055
0.7965
0.807
0.7955
0.7995
0.7975
0.7905
0.8065
0.809
0.8
0.7975
0.7885
0.799
0.809
0.8015
0.799
0.8005
0.805
0.8005
0.8005
0.8095
0.802
0.7945
0.795
0.7875
0.806
0.8005
0.7965
0.796
0.804
0.7975
0.796
0.8055
0.806
0.7965
0.797
0.803
0.803
0.7925
0.7975
0.8005
0.81
0.7965
0.8
0.8
0.7955
0.803
0.808
0.8055
0.804
0.7945
0.803
0.8045
0.8055
0.7985
0.798
0.789
0.8025
0.798
0.806
0.797
0.7975
0.7965
0.8
0.8115
0.802
0.806
0.8045
0.792
0.804
0.804
0.802
0.8015
0.802
0.795
0.8045
0.801
0.8065
0.8045
0.811
0.801
0.807
0.8035
0.8135
0.804
0.8015
0.803
0.801
0.8065
0.811
0.8045
0.7995
0.7995
0.802
0.8
0.796
0.791
0.8095
0.797
0.798
0.796
0.803
0.798
0.811
0.7995
0.8095
0.7995
0.805
0.8025
0.805
0.8
0.8025
0.8105
0.811
0.809
0.806
0.8015
0.799
0.8045
0.8005
0.8045
0.8065
0.801
0.8035
0.811
0.803
0.7995
0.7975
0.8005
0.7975
0.814
0.8145
0.805
0.808
0.796
0.8135
0.7985
0.807
0.8065
0.8085
0.805
0.802
0.814
0.8015
0.8045
0.801
0.8035
0.81
0.8015
0.8125
0.803
0.8075
0.808
0.8055
0.8085
0.805
0.796
0.805
0.8045
0.8015
0.8075
0.8045
0.8
0.8075
0.81
0.801
0.8025
0.8085
0.807
0.8125
0.8055
0.8055
0.799
0.7955
0.8035
0.8055
0.8085
0.801
0.802
0.8075
0.8075
0.7995
0.81
0.799
0.8015
0.8105
0.8035
0.8055
0.805
0.8005
0.8175
0.8065
0.8075
0.807
0.8065
0.807
0.7975
0.801
0.8045
0.795
0.809
0.806
0.7955
0.812
0.808
0.802
0.8015
0.8045
0.805
0.809
0.8015
0.799
0.8085
0.806
0.801
0.8055
0.8015
0.806
0.809
0.8155
0.801
0.808
0.8095
0.8055
0.8135
0.8055
0.807
0.8105
0.807
0.813
0.804
0.8105
0.8085
0.8025
0.8015
0.8075
0.8015
0.8085
0.8055
0.8085
0.803
0.8035
0.811
0.809
0.81
0.807
0.801
0.803
0.805
0.8105
0.805
0.799
0.804
0.8085
0.8045
0.8005
0.802
0.808
0.801
0.804
0.8075
0.8125
0.805
0.805
0.8065
0.805
0.817
0.8085
0.8125
0.8155
0.8085
0.8025
0.8075
0.8075
0.8065
0.8065
0.805
0.806
0.8115
0.8105
0.807
0.806
0.7995
0.8035
0.806
0.81
0.806
0.8085
0.813
0.8035
0.81
0.7975
0.8125
0.8065
0.7965
0.815
0.8165
0.814
0.8105
0.808
0.806
0.8205
0.8085
0.8125
0.8095
0.8045
0.8035
0.8065
0.8145
0.8195
0.8155
0.811
0.8125
0.8125
0.818
0.8035
0.8065
0.8125
0.812
0.807
0.8135
0.8045
0.8105
0.816
0.805
0.8215
0.816
0.8095
0.8095
0.815
0.81
0.8105
0.8125
0.802
0.8035
0.8105
0.8105
0.8145
0.8065
0.812
0.8195
0.809
0.8125
0.811
0.81
0.8065
0.815
0.805
0.8035
0.812
0.811
0.8185
0.816
0.808
0.812
0.8195
0.8035
0.8145
0.8135
0.809
0.8165
0.815
0.8155
0.806
0.8115
0.8095
0.808
0.8145
0.814
0.8115
0.8105
0.8125
0.8105
0.817
0.81
0.809
0.811
0.8035
0.817
0.812
0.811
0.812
0.8125
0.817
0.8195
0.8045
0.8145
0.816
0.8115
0.8195
0.814
0.8175
0.8245
0.814
0.8125
0.8095
0.811
0.811
0.8015
0.8085
0.8125
0.807
0.8225
0.8065
0.8105
0.8095
0.822
0.811
0.8125
0.8055
0.8125
0.8175
0.814
0.817
0.817
0.815
0.8105
0.815
0.7965
0.8105
0.819
0.813
0.814
0.8145
0.8075
0.8105
0.8115
0.814
0.8145
0.8055
0.8145
0.809
0.8205
0.8135
0.8005
0.8155
0.814
0.82
0.8155
0.8165
0.8185
0.8185
0.813
0.823
0.8165
0.8165
0.8135
0.8075
0.8165
0.817
0.8265
0.8115
0.82
0.817
0.8195
0.8165
0.8185
0.8185
0.808
0.821
0.8235
0.8105
0.8145
0.8115
0.81
0.808
0.8145
0.8115
0.814
0.815
0.818
0.807
0.8155
0.814
0.817
0.819
0.8115
0.819
0.8225
0.808
0.815
0.8125
0.8135
0.8115
0.815
0.816
0.8115
0.8075
0.817
0.819
0.8255
0.8075
0.816
0.8185
0.8115
0.8245
0.817
0.809
0.8165
0.8195
0.81
0.8175
0.8185
0.8195
0.8155
0.8185
0.811
0.8125
0.815
0.8195
0.816
0.8105
0.8115
0.808
0.7955
0.807
0.8155
0.808
0.818
0.819
0.8135
0.817
0.8055
0.8095
0.8115
0.814
0.8125
0.819
0.8115
0.8125
0.81
0.809
0.812
0.8135
0.815
0.813
0.81
0.8175
0.81
0.8185
0.815
0.8045
0.818
0.8105
0.812
0.811
0.8195
0.808
0.8095
0.815
0.8135
0.8245
0.8125
0.813
0.8135
0.812
0.8115
0.8155
0.812
0.8115
0.812
0.813
0.8205
0.8145
0.8165
0.8145
0.823
0.8155
0.814
0.812
0.824
0.8155
0.8175
0.808
0.7985
0.828
0.815
0.8075
0.81
0.819
0.816
0.821
0.8125
0.815
0.818
0.8175
0.816
0.814
0.8175
0.817
0.8075
0.8085
0.807
0.807
0.8095
0.81
0.8145
0.8145
0.8125
0.8165
0.8195
0.8155
0.8095
0.8155
0.814
0.816
0.812
0.817
0.8175
0.822
0.813
0.8185
0.8135
0.814
0.819
0.808
0.821
0.8175
0.818
0.823
0.81
0.8145
0.8165
0.816
0.8225
0.8175
0.8205
0.8095
0.815
0.82
0.8125
0.823
0.8185
0.813
0.814
0.8185
0.8215
0.818
0.814
0.8205
0.819
0.8135
0.816
0.8135
0.813
0.8215
0.8105
0.8215
0.816
0.822
0.8165
0.819
0.808
0.8185
0.813
0.8205
0.8195
0.8155
0.8245
0.8185
0.8185
0.8175
0.822
0.814
0.821
0.8145
0.807
0.8265
0.823
0.8115
0.8205
0.815
0.819
0.814
0.821
0.8145
0.8235
0.8155
0.82
0.824
0.8145
0.819
0.8275
0.8235
0.8165
0.819
0.819
0.816
0.809
0.813
0.812
0.816
0.818
0.8145
0.822
0.815
0.82
0.8115
0.8135
0.813
0.826
0.8135
0.8075
0.8185
0.8205
0.8205
0.821
0.826
0.8165
0.8175
0.8145
0.8255
0.829
0.813
0.82
0.8165
0.819
0.82
0.8195
0.816
0.8225
0.8145
0.807
0.821
0.8125
0.821
0.829
0.8175
0.8195
0.8165
0.8185
0.8205
0.8185
0.8215
0.8145
0.8135
0.822
0.824
0.8205
0.8125
0.807
0.823
0.8275
0.8225
0.819
0.8245
0.8115
0.8205
0.8195
0.8175
0.8135
0.8215
0.8175
0.822
0.829
0.8205
0.8185
0.8195
0.8235
0.82
0.8135
0.7965
0.8225
0.8215
0.818
0.8175
0.8165
0.818
0.8205
0.8145
0.812
0.817
0.8185
0.82
0.8225
0.8205
0.8145
0.8185
0.8155
0.8175
0.8145
0.8195
0.821
0.817
0.8095
0.822
0.8175
0.81
0.818
0.8285
0.8165
0.8205
0.8225
0.837
0.8205
0.8215
0.818
0.818
0.8195
0.824
0.828
0.823
0.8095
0.8185
0.825
0.8145
0.822
0.82
0.814
0.8165
0.8235
0.819
0.823
0.8175
0.821
0.8255
0.824
0.8165
0.8195
0.8235
0.8265
0.8155
0.819
0.816
0.817
0.825
0.816
0.819
0.8155
0.8215
0.822
0.827
0.8225
0.8215
0.8135
0.823
0.818
0.823
0.825
0.8175
0.818
0.8135
0.809
0.813
0.823
0.825
0.82
0.817
0.813
0.823
0.814
0.8115
0.8175
0.813
0.825
0.8155
0.82
0.816
0.815
0.8215
0.818
0.8175
0.809
0.828
0.8195
0.8205
0.8255
0.8255
0.823
0.8195
0.8225
0.817
0.8235
0.819
0.8185
0.8245
0.817
0.81
0.821
0.8255
0.8185
0.827
0.8245
0.818
0.813
0.8285
0.811
0.819
0.8185
0.8245
0.821
0.8165
0.821
0.8165
0.82
0.816
0.828
0.818
0.817
0.8155
0.8245
0.8165
0.8275
0.815
0.8245
0.827
0.8185
0.8165
0.8175
0.8195
0.8175
0.821
0.822
0.8265
0.813
0.817
0.816
0.8175
0.828
0.8175
0.817
0.8205
0.822
0.8135
0.8255
0.821
0.821
0.829
0.823
0.823
0.829
0.8255
0.815
0.815
0.823
0.8205
0.824
0.8145
0.82
0.816
0.821
0.8165
0.8185
0.8185
0.826
0.8225
0.826
0.818
0.8215
0.8195
0.82
0.822
0.825
0.8265
0.8235
0.848
0.8195
0.8205
0.817
0.824
0.8175
0.82
0.8195
0.823
0.8245
0.8055
0.811
0.8325
0.821
0.8195
0.824
0.8235
0.8205
0.8145
0.821
0.8195
0.825
0.8185
0.82
0.8215
0.823
0.822
0.8135
0.828
0.8175
0.825
0.818
0.819
0.8195
0.812
0.8195
0.8245
0.823
0.826
0.823
0.813
0.8235
0.822
0.827
0.8195
0.8285
0.8225
0.822
0.8265
0.832
0.8115
0.8265
0.821
0.8245
0.815
0.821
0.818
0.821
0.825
0.8215
0.8175
0.8005
0.8245
0.8195
0.8205
0.8175
0.811
0.825
0.8185
0.8285
0.8145
0.8205
0.8255
0.8215
0.8235
0.822
0.829
0.816
0.8175
0.819
0.8285
0.8245
0.82
0.816
0.82
0.8235
0.817
0.817
0.8275
0.816
0.8255
0.8255
0.825
0.821
0.8285
0.821
0.8145
0.8265
0.8145
0.831
0.822
0.8245
0.824
0.823
0.8195
0.8255
0.8195
0.822
0.82
0.8185
0.829
0.8265
0.8235
0.8255
0.8175
0.823
0.8205
0.8245
0.822
0.821
0.8255
0.8255
0.8215
0.821
0.822
0.819
0.818
0.8245
0.8235
0.8235
0.82
0.827
0.8175
0.822
0.8295
0.8215
0.826
0.822
0.8215
0.8235
0.83
0.8265
0.8205
0.8285
0.818
0.814
0.825
0.8175
0.8265
0.8255
0.827
0.811
0.827
0.8185
0.8225
0.814
0.819
0.8185
0.8235
0.823
0.828
0.8225
0.827
0.8275
0.828
0.829
0.832
0.8245
0.8225
0.8215
0.8155
0.818
0.8235
0.823
0.818
0.825
0.825
0.82
0.827
0.828
0.8235
0.8245
0.819
0.8275
0.825
0.826
0.824
0.823
0.821
0.818
0.825
0.8235
0.8265
0.83
0.829
0.8235
0.828
0.821
0.822
0.821
0.821
0.8195
0.8225
0.8225
0.82
0.818
0.826
0.824
0.8235
0.8265
0.826
0.826
0.812
0.825
0.831
0.8305
0.8195
0.827
0.826
0.82
0.8275
0.818
0.8275
0.8215
0.8265
0.8325
0.8235
0.8215
0.8255
0.833
0.8215
0.823
0.8255
0.8275
0.823
0.8165
0.824
0.8215
0.8205
0.824
0.825
0.8295
0.835
0.8275
0.8285
0.8255
0.8205
0.8255
0.8215
0.831
0.826
0.8265
0.8265
0.831
0.8335
0.825
0.82
0.833
0.83
0.8315
0.8255
0.829
0.827
0.8305
0.827
0.8245
0.835
0.831
0.828
0.827
0.8235
0.8295
0.8265
0.8355
0.835
0.8285
0.826
0.824
0.8285
0.8305
0.832
0.834
0.8295
0.8285
0.8305
0.8345
0.8245
0.8305
0.824
0.832
0.828
0.8275
0.829
0.827
0.823
0.8235
0.82
0.8295
0.8165
0.8215
0.8365
0.8125
0.828
0.8205
0.833
0.823
0.824
0.833
0.827
0.8225
0.8325
0.8335
0.8305
0.8285
0.8315
0.8225
0.832
0.826
0.824
0.8265
0.835
0.828
0.83
0.83
0.8285
0.8225
0.8215
0.8275
0.8275
0.8275
0.8295
0.8255
0.8335
0.825
0.825
0.8295
0.8235
0.8285
0.827
0.821
0.828
0.833
0.8315
0.8335
0.83
0.822
0.8305
0.8325
0.828
0.822
0.829
0.827
0.831
0.8325
0.8275
0.8255
0.837
0.83
0.8255
0.8285
0.83
0.8335
0.8235
0.8285
0.836
0.824
0.822
0.819
0.824
0.8235
0.8255
0.828
0.84
0.8295
0.828
0.826
0.828
0.833
0.8255
0.834
0.842
0.825
0.826
0.8255
0.8385
0.834
0.829
0.83
0.828
0.825
0.8255
0.829
0.8355
0.827
0.8235
0.83
0.8215
0.828
0.839
0.8355
0.827
0.825
0.8295
0.8315
0.8275
0.8325
0.8355
0.829
0.832
0.8345
0.829
0.829
0.82
0.8265
0.8315
0.8245
0.8085
0.831
0.832
0.8265
0.8355
0.8275
0.8235
0.83
0.83
0.834
0.829
0.8315
0.8305
0.8325
0.8265
0.839
0.834
0.832
0.831
0.8305
0.8215
0.8295
0.824
0.834
0.823
0.8295
0.832
0.8365
0.8325
0.8335
0.8315
0.826
0.8305
0.83
0.827
0.826
0.828
0.8315
0.822
0.8385
0.8425
0.841
0.8265
0.8395
0.8195
0.826
0.8285
0.828
0.8275
0.8265
0.8355
0.8325
0.8215
0.834
0.834
0.8215
0.8325
0.834
0.8165
0.8285
0.8345
0.83
0.827
0.831
0.816
0.826
0.8335
0.8255
0.8245
0.8335
0.836
0.8365
0.8245
0.8235
0.84
0.8265
0.8325
0.8305
0.8265
0.8335
0.828
0.829
0.8315
0.8285
0.8265
0.827
0.8165
0.8275
0.834
0.827
0.831
0.8245
0.832
0.8305
0.8225
0.838
0.8255
0.8275
0.8315
0.83
0.828
0.838
0.826
0.8345
0.8345
0.8205
0.827
0.8315
0.828
0.8365
0.8345
0.8295
0.833
0.8245
0.8275
0.8235
0.832
0.832
0.83
0.8325
0.8295
0.829
0.831
0.834
0.835
0.831
0.8315
0.827
0.8235
0.8375
0.8315
0.8315
0.8305
0.832
0.825
0.818
0.837
0.8355
0.826
0.8365
0.8325
0.826
0.829
0.831
0.825
0.835
0.8215
0.8325
0.8285
0.828
0.831
0.8265
0.8315
0.8365
0.832
0.83
0.833
0.832
0.831
0.832
0.835
0.833
0.8325
0.8375
0.838
0.825
0.836
0.833
0.822
0.8305
0.833
0.831
0.8325
0.832
0.839
0.8295
0.8315
0.835
0.826
0.8345
0.831
0.832
0.8275
0.834
0.828
0.827
0.829
0.823
0.8295
0.823
0.8245
0.832
0.832
0.8335
0.832
0.8325
0.8305
0.832
0.828
0.8385
0.8345
0.8295
0.8235
0.8255
0.8265
0.828
0.8345
0.8235
0.83
0.828
0.832
0.8275
0.8305
0.8375
0.8235
0.8295
0.837
0.8255
0.833
0.83
0.8285
0.8345
0.8415
0.8355
0.8315
0.8265
0.83
0.833
0.834
0.827
0.8255
0.8335
0.8285
0.831
0.835
0.832
0.838
0.829
0.8275
0.8245
0.8405
0.833
0.84
0.83
0.832
0.83
0.8365
0.837
0.833
0.828
0.8315
0.8265
0.826
0.8295
0.8305
0.8325
0.8185
0.8295
0.8295
0.8315
0.8345
0.8245
0.8355
0.835
0.826
0.825
0.835
0.8285
0.837
0.827
0.831
0.825
0.835
0.824
0.827
0.824
0.8345
0.8365
0.8305
0.826
0.8325
0.8345
0.831
0.8295
0.832
0.8255
0.8255
0.8325
0.832
0.835
0.8315
0.8255
0.825
0.8345
0.8235
0.8325
0.831
0.837
0.834
0.834
0.824
0.825
0.836
0.8365
0.832
0.8315
0.834
0.8245
0.843
0.829
0.8355
0.8325
0.8305
0.827
0.828
0.8245
0.8355
0.8335
0.8365
0.83
0.8365
0.836
0.8295
0.838
0.8305
0.836
0.8295
0.835
0.8255
0.8305
0.8275
0.832
0.83
0.828
0.838
0.832
0.841
0.8365
0.824
0.834
0.83
0.822
0.829
0.8335
0.835
0.8285
0.8325
0.839
0.8295
0.8325
0.8365
0.83
0.839
0.8375
0.8345
0.8375
0.8375
0.832
0.8315
0.8345
0.8305
0.8335
0.8405
0.833
0.833
0.835
0.829
0.8315
0.8355
0.8305
0.837
0.829
0.831
0.8375
0.834
0.8445
0.837
0.833
0.833
0.8335
0.8425
0.8285
0.8435
0.829
0.8355
0.838
0.831
0.8355
0.8325
0.833
0.836
0.8355
0.8365
0.8345
0.8275
0.8375
0.838
0.835
0.8335
0.827
0.8255
0.8225
0.8355
0.8315
0.8305
0.8385
0.8375
0.836
0.8265
0.8365
0.8285
0.84
0.83
0.8395
0.829
0.843
0.841
0.8335
0.8305
0.8335
0.8365
0.8335
0.8365
0.827
0.8295
0.83
0.829
0.8435
0.833
0.8355
0.836
0.836
0.832
0.8335
0.841
0.8405
0.844
0.8295
0.8415
0.837
0.827
0.8305
0.8435
0.836
0.839
0.8395
0.8335
0.832
0.8335
0.8325
0.839
0.8385
0.837
0.8415
0.8275
0.8355
0.836
0.835
0.8405
0.8385
0.8345
0.833
0.835
0.8335
0.8315
0.8325
0.8385
0.8385
0.843
0.826
0.833
0.8315
0.833
0.833
0.8335
0.829
0.838
0.837
0.835
0.828
0.833
0.837
0.8315
0.8345
0.8405
0.83
0.833
0.833
0.8295
0.8305
0.8345
0.833
0.837
0.8365
0.832
0.8425
0.828
0.8375
0.833
0.843
0.834
0.8305
0.8385
0.8365
0.8305
0.8325
0.834
0.8375
0.84
0.8325
0.841
0.82
0.8405
0.837
0.838
0.8335
0.821
0.8385
0.8505
0.8345
0.8425
0.835
0.8405
0.8255
0.843
0.831
0.8355
0.8375
0.8355
0.85
0.835
0.8385
0.84
0.836
0.833
0.826
0.8325
0.844
0.8395
0.831
0.831
0.8295
0.8445
0.8315
0.8365
0.8355
0.841
0.841
0.8405
0.825
0.8325
0.8355
0.835
0.831
0.84
0.8345
0.8385
0.845
0.83
0.837
0.8345
0.8325
0.8345
0.8445
0.8335
0.8325
0.84
0.837
0.835
0.8335
0.8395
0.8315
0.8365
0.828
0.8405
0.8335
0.8295
0.837
0.834
0.843
0.676
0.8435
0.8395
0.835
0.834
0.8335
0.838
0.8455
0.8325
0.8315
0.833
0.833
0.8395
0.8385
0.8335
0.84
0.833
0.8365
0.856
0.8325
0.8425
0.8415
0.836
0.8375
0.831
0.8355
0.83
0.842
0.836
0.8405
0.8365
0.836
0.8265
0.853
0.8425
0.827
0.838
0.839
0.8405
0.8315
0.841
0.834
0.838
0.839
0.828
0.8435
0.839
0.834
0.8305
0.8355
0.8365
0.8385
0.8375
0.831
0.8405
0.8395
0.8255
0.837
0.832
0.828
0.839
0.8325
0.8355
0.8315
0.836
0.841
0.8375
0.8345
0.8345
0.84
0.831
0.8395
0.84
0.8365
0.8345
0.836
0.8365
0.837
0.835
0.843
0.8445
0.8395
0.8355
0.844
0.8435
0.8365
0.8415
0.841
0.8455
0.8385
0.8395
0.8345
0.8345
0.8375
0.838
0.8425
0.837
0.8315
0.839
0.84
0.8415
0.831
0.8375
0.8355
0.827
0.8335
0.8435
0.832
0.8335
0.8355
0.8455
0.834
0.8305
0.842
0.8335
0.833
0.84
0.8345
0.8335
0.841
0.8365
0.837
0.853
0.834
0.8325
0.8385
0.8495
0.831
0.8415
0.8235
0.829
0.8375
0.8385
0.842
0.829
0.837
0.842
0.8385
0.8315
0.8485
0.842
0.839
0.838
0.839
0.846
0.8345
0.837
0.8355
0.836
0.8405
0.837
0.835
0.838
0.841
0.8375
0.84
0.8315
0.8445
0.837
0.8375
0.837
0.844
0.8375
0.8425
0.8385
0.8385
0.8365
0.833
0.845
0.8365
0.8385
0.8365
0.844
0.8435
0.8405
0.8355
0.838
0.8385
0.8465
0.8395
0.837
0.8445
0.8415
0.851
0.843
0.84
0.8385
0.8375
0.851
0.842
0.835
0.8405
0.847
0.8345
0.8425
0.835
0.85
0.841
0.836
0.829
0.842
0.83
0.843
0.844
0.8355
0.8475
0.8405
0.8325
0.8385
0.847
0.841
0.8445
0.8425
0.847
0.833
0.837
0.8365
0.845
0.839
0.836
0.8395
0.841
0.835
0.8415
0.844
0.8255
0.847
0.8325
0.8385
0.843
0.8355
0.848
0.854
0.836
0.837
0.8445
0.841
0.8545
0.8355
0.8375
0.8365
0.8385
0.8415
0.8365
0.837
0.8345
0.837
0.834
0.8355
0.8405
0.839
0.8415
0.8435
0.8505
0.8465
0.838
0.842
0.853
0.8465
0.8355
0.846
0.84
0.842
0.8405
0.8465
0.837
0.845
0.8445
0.8415
0.8455
0.8415
0.8425
0.841
0.8455
0.8435
0.8295
0.841
0.843
0.8395
0.8435
0.8515
0.833
0.84
0.8425
0.8445
0.84
0.848
0.842
0.839
0.845
0.836
0.844
0.8415
0.84
0.8415
0.8375
0.8485
0.8435
0.8455
0.8505
0.846
0.842
0.8435
0.8375
0.8465
0.8415
0.843
0.8355
0.847
0.8465
0.8425
0.8365
0.8395
0.846
0.831
0.84
0.8415
0.8365
0.842
0.8395
0.843
0.845
0.836
0.846
0.8395
0.8355
0.844
0.8425
0.846
0.844
0.8365
0.8405
0.8535
0.841
0.8475
0.84
0.848
0.8315
0.834
0.8405
0.85
0.8405
0.8375
0.849
0.8435
0.8425
0.841
0.848
0.837
0.843
0.8405
0.843
0.844
0.8395
0.847
0.8395
0.8465
0.846
0.8435
0.84
0.837
0.841
0.8445
0.8485
0.838
0.8435
0.844
0.8415
0.8395
0.8455
0.85
0.846
0.8425
0.8395
0.845
0.835
0.843
0.8335
0.8385
0.8475
0.8405
0.8525
0.843
0.85
0.8465
0.8395
0.851
0.8435
0.839
0.839
0.846
0.8465
0.845
0.84
0.844
0.839
0.8375
0.836
0.851
0.837
0.844
0.84
0.8405
0.8365
0.842
0.848
0.8445
0.8415
0.8395
0.8365
0.844
0.8355
0.839
0.8395
0.8425
0.8385
0.842
0.8455
0.84
0.8375
0.8385
0.843
0.85
0.8455
0.8445
0.846
0.8385
0.8425
0.837
0.845
0.8395
0.8415
0.839
0.8345
0.846
0.8275
0.8415
0.84
0.8425
0.846
0.838
0.8445
0.8435
0.8375
0.8425
0.8445
0.8415
0.854
0.8385
0.839
0.834
0.841
0.8455
0.8405
0.839
0.8375
0.841
0.838
0.847
0.8405
0.8465
0.844
0.835
0.839
0.847
0.852
0.846
0.847
0.8295
0.845
0.8355
0.842
0.853
0.8495
0.845
0.844
0.8415
0.838
0.843
0.849
0.8435
0.836
0.8435
0.841
0.8415
0.8475
0.8455
0.839
0.8385
0.843
0.8385
0.8485
0.8425
0.843
0.848
0.8405
0.84
0.8485
0.8485
0.84
0.8435
0.8415
0.8375
0.855
0.85
0.843
0.8295
0.843
0.845
0.845
0.8475
0.835
0.8465
0.842
0.844
0.8385
0.8515
0.84
0.839
0.8425
0.846
0.839
0.8445
0.841
0.836
0.8535
0.834
0.844
0.844
0.8475
0.842
0.838
0.8405
0.849
0.8445
0.832
0.844
0.8415
0.8425
0.846
0.842
0.8375
0.844
0.8465
0.854
0.849
0.844
0.8415
0.842
0.84
0.846
0.839
0.8455
0.8375
0.852
0.847
0.848
0.835
0.8435
0.847
0.856
0.842
0.8415
0.845
0.8455
0.8515
0.851
0.841
0.8465
0.844
0.85
0.8345
0.845
0.8385
0.843
0.842
0.846
0.8365
0.84
0.844
0.843
0.8405
0.843
0.8465
0.8435
0.842
0.8385
0.8555
0.8425
0.823
0.8315
0.8445
0.838
0.8445
0.848
0.847
0.8425
0.8485
0.8365
0.845
0.846
0.8385
0.847
0.7855
0.834
0.8435
0.847
0.8375
0.8485
0.8495
0.836
0.8475
0.8515
0.842
0.8455
0.8505
0.835
0.848
0.8485
0.8375
0.843
0.8435
0.848
0.583
0.8335
0.8585
0.84
0.8475
0.843
0.8365
0.8485
0.839
0.842
0.833
0.843
0.8385
0.838
0.8425
0.8445
0.845
0.8485
0.854
0.8485
0.8415
0.842
0.844
0.847
0.8385
0.8535
0.8455
0.839
0.8385
0.8375
0.8415
0.842
0.85
0.842
0.8435
0.8415
0.84
0.843
0.8355
0.8395
0.832
0.8445
0.8425
0.8405
0.8465
0.8425
0.8445
0.841
0.844
0.8355
0.844
0.8475
0.843
0.85
0.8385
0.844
0.8465
0.842
0.8535
0.84
0.8355
0.8515
0.8385
0.841
0.845
0.8435
0.8395
0.8475
0.8435
0.8465
0.845
0.843
0.845
0.8425
0.8405
0.85
0.8425
0.84
0.8535
0.852
0.845
0.848
0.85
0.8495
0.847
0.844
0.8485
0.8485
0.839
0.8565
0.842
0.844
0.84
0.8445
0.839
0.8405
0.842
0.8395
0.8365
0.8395
0.85
0.845
0.8535
0.8505
0.8425
0.841
0.8405
0.836
0.847
0.85
0.8425
0.8425
0.8495
0.8405
0.846
0.844
0.847
0.835
0.8485
0.844
0.8425
0.8445
0.843
0.843
0.839
0.8465
0.8535
0.8445
0.843
0.8515
0.847
0.845
0.845
0.839
0.8485
0.8485
0.8435
0.8485
0.8585
0.843
0.8465
0.8525
0.8525
0.838
0.8445
0.8465
0.8505
0.8455
0.84
0.846
0.8435
0.8475
0.8505
0.842
0.8565
0.847
0.8345
0.8395
0.8555
0.8495
0.8475
0.8445
0.8485
0.8395
0.847
0.848
0.8425
0.845
0.8385
0.8435
0.846
0.8425
0.8385
0.839
0.845
0.843
0.838
0.844
0.858
0.844
0.8385
0.847
0.838
0.8465
0.8495
0.8455
0.855
0.8415
0.8425
0.8425
0.8295
0.8505
0.8455
0.853
0.844
0.8455
0.8485
0.8465
0.846
0.844
0.8455
0.846
0.836
0.8505
0.845
0.859
0.8535
0.8425
0.845
0.8505
0.8435
0.848
0.849
0.843
0.853
0.8335
0.845
0.841
0.8435
0.844
0.844
0.851
0.844
0.8435
0.855
0.8475
0.845
0.844
0.8445
0.849
0.85
0.848
0.844
0.7095
0.849
0.845
0.6695
0.847
0.8455
0.846
0.8435
0.8485
0.841
0.8465
0.846
0.8535
0.8435
0.8475
0.847
0.8485
0.839
0.843
0.8395
0.841
0.8445
0.852
0.848
0.851
0.859
0.8465
0.8435
0.845
0.848
0.846
0.846
0.8395
0.8555
0.852
0.8405
0.861
0.835
0.8445
0.842
0.844
0.8485
0.8445
0.839
0.846
0.852
0.8505
0.839
0.8425
0.845
0.844
0.8435
0.8545
0.8485
0.856
0.8485
0.848
0.846
0.8445
0.8455
0.8505
0.845
0.8425
0.8395
0.8515
0.8455
0.842
0.8505
0.8535
0.8415
0.846
0.8415
0.845
0.8415
0.841
0.857
0.844
0.84
0.849
0.8375
0.841
0.8445
0.8435
0.85
0.847
0.8465
0.849
0.852
0.8455
0.8465
0.8405
0.8455
0.8545
0.837
0.8395
0.8485
0.835
0.8465
0.8445
0.8465
0.849
0.851
0.842
0.844
0.8565
0.844
0.846
0.847
0.842
0.838
0.845
0.853
0.842
0.8485
0.844
0.846
0.841
0.848
0.851
0.841
0.8485
0.8505
0.844
0.845
0.8445
0.8425
0.8495
0.8455
0.8475
0.8415
0.839
0.8475
0.844
0.8555
0.8475
0.8415
0.844
0.842
0.8515
0.848
0.8485
0.8555
0.8425
0.852
0.841
0.8445
0.847
0.8495
0.851
0.8455
0.8495
0.8435
0.845
0.8485
0.8405
0.8415
0.8415
0.8455
0.8475
0.844
0.844
0.847
0.8485
0.8415
0.841
0.844
0.847
0.848
0.852
0.853
0.847
0.8475
0.842
0.8335
0.85
0.84
0.8485
0.8425
0.848
0.849
0.8475
0.844
0.8525
0.8425
0.8455
0.842
0.8355
0.851
0.8535
0.8435
0.8435
0.846
0.8485
0.8485
0.8485
0.8475
0.857
0.8475
0.8495
0.85
0.852
0.8525
0.8535
0.8445
0.846
0.8465
0.8465
0.8445
0.8525
0.8465
0.849
0.834
0.85
0.853
0.8415
0.8455
0.848
0.848
0.849
0.853
0.8485
0.8365
0.8425
0.8455
0.856
0.842
0.845
0.8455
0.841
0.854
0.848
0.8465
0.8465
0.844
0.84
0.835
0.846
0.8395
0.8445
0.851
0.8445
0.8365
0.8485
0.841
0.852
0.8525
0.8375
0.8425
0.8365
0.841
0.838
0.851
0.846
0.843
0.8465
0.84
0.845
0.8415
0.8515
0.847
0.8485
0.8485
0.8495
0.846
0.8485
0.848
0.8505
0.849
0.8505
0.841
0.852
0.846
0.852
0.848
0.8365
0.849
0.842
0.8425
0.8565
0.8395
0.8465
0.8435
0.846
0.8415
0.839
0.844
0.8465
0.8425
0.848
0.841
0.8465
0.8495
0.846
0.8395
0.84
0.846
0.853
0.8525
0.8525
0.8425
0.846
0.8515
0.846
0.8555
0.845
0.846
0.861
0.8415
0.8355
0.8385
0.849
0.8525
0.848
0.8455
0.8525
0.848
0.8465
0.847
0.8445
0.8515
0.845
0.842
0.8455
0.849
0.85
0.851
0.8415
0.849
0.846
0.8455
0.851
0.8405
0.845
0.8535
0.8465
0.8495
0.844
0.8465
0.8415
0.847
0.844
0.848
0.851
0.85
0.8495
0.842
0.8465
0.843
0.8435
0.8515
0.85
0.8485
0.8355
0.845
0.8475
0.8515
0.8475
0.844
0.846
0.849
0.8395
0.843
0.841
0.8475
0.846
0.8445
0.8435
0.8435
0.8525
0.8435
0.8485
0.856
0.851
0.845
0.847
0.847
0.8465
0.8495
0.8455
0.8435
0.844
0.844
0.849
0.85
0.852
0.8465
0.845
0.852
0.851
0.849
0.846
0.8505
0.847
0.8415
0.849
0.8505
0.8445
0.852
0.849
0.8475
0.8465
0.8395
0.846
0.849
0.852
0.848
0.8405
0.846
0.8395
0.847
0.846
0.8445
0.8425
0.848
0.8515
0.8435
0.847
0.8545
0.8475
0.852
0.8505
0.8475
0.852
0.8495
0.847
0.851
0.844
0.844
0.8355
0.8455
0.855
0.847
0.844
0.851
0.8495
0.849
0.8455
0.8445
0.852
0.8465
0.8455
0.8395
0.8455
0.8475
0.8435
0.8475
0.845
0.844
0.846
0.8405
0.85
0.842
0.843
0.8475
0.846
0.847
0.853
0.8485
0.851
0.855
0.843
0.8485
0.844
0.854
0.8495
0.8465
0.8435
0.8495
0.8445
0.849
0.8505
0.847
0.8495
0.8545
0.848
0.8505
0.8585
0.846
0.842
0.838
0.845
0.852
0.8475
0.8405
0.8455
0.846
0.853
0.85
0.8545
0.8515
0.8485
0.8505
0.8435
0.845
0.845
0.8495
0.852
0.8515
0.848
0.8545
0.8505
0.8475
0.849
0.8515
0.8445
0.8425
0.846
0.848
0.8425
0.8475
0.8525
0.848
0.844
0.843
0.848
0.8475
0.842
0.8535
0.8505
0.8425
0.8435
0.8475
0.852
0.8435
0.845
0.8525
0.8495
0.8455
0.8455
0.849
0.848
0.8495
0.845
0.839
0.842
0.8485
0.845
0.847
0.8415
0.8495
0.8445
0.854
0.8535
0.853
0.8585
0.847
0.8425
0.8505
0.8425
0.843
0.8445
0.846
0.842
0.853
0.8465
0.8435
0.8565
0.8455
0.855
0.847
0.847
0.849
0.855
0.859
0.8515
0.8495
0.8525
0.8485
0.8475
0.8505
0.853
0.8435
0.85
0.846
0.851
0.842
0.8405
0.8475
0.849
0.8475
0.839
0.851
0.851
0.8555
0.855
0.851
0.8515
0.8525
0.8495
0.8505
0.8545
0.8595
0.858
0.8475
0.847
0.8515
0.849
0.843
0.8525
0.846
0.851
0.8495
0.85
0.8525
0.8455
0.8465
0.8525
0.8465
0.849
0.844
0.847
0.843
0.852
0.857
0.846
0.844
0.839
0.8505
0.8515
0.846
0.837
0.849
0.857
0.853
0.848
0.844
0.843
0.859
0.8465
0.8465
0.8445
0.8475
0.849
0.85
0.848
0.852
0.851
0.849
0.852
0.8495
0.8435
0.8445
0.8415
0.8445
0.8495
0.845
0.8485
0.851
0.847
0.8525
0.8465
0.854
0.8535
0.848
0.8525
0.848
0.848
0.845
0.8505
0.8615
0.8515
0.8485
0.8495
0.845
0.85
0.8515
0.844
0.85
0.8495
0.847
0.848
0.849
0.853
0.8465
0.844
0.844
0.854
0.85
0.8545
0.8515
0.8495
0.844
0.8485
0.8445
0.8605
0.848
0.852
0.8505
0.8505
0.851
0.8465
0.851
0.855
0.8435
0.8475
0.8505
0.8485
0.8455
0.8485
0.8445
0.8555
0.839
0.8485
0.848
0.854
0.8565
0.8535
0.8415
0.8455
0.852
0.8445
0.8515
0.8445
0.847
0.8485
0.846
0.851
0.8485
0.8545
0.841
0.8495
0.8575
0.8465
0.8555
0.8445
0.856
0.853
0.8475
0.8495
0.8505
0.853
0.8445
0.8525
0.8455
0.8495
0.8445
0.8515
0.8565
0.847
0.844
0.8465
0.85
0.854
0.8445
0.8465
0.848
0.848
0.849
0.851
0.8495
0.854
0.844
0.8465
0.845
0.8455
0.8505
0.8525
0.8435
0.843
0.853
0.851
0.856
0.833
0.843
0.8535
0.8485
0.8565
0.856
0.85
0.8475
0.846
0.84
0.848
0.852
0.8485
0.854
0.8445
0.85
0.8455
0.8465
0.849
0.8515
0.8555
0.849
0.848
0.8445
0.846
0.8445
0.8455
0.8485
0.849
0.8455
0.837
0.853
0.8475
0.851
0.842
0.8495
0.849
0.8505
0.854
0.853
0.8445
0.843
0.8495
0.853
0.8575
0.856
0.849
0.8455
0.8405
0.847
0.8525
0.855
0.8485
0.849
0.853
0.8515
0.8465
0.8435
0.849
0.8535
0.848
0.8415
0.8515
0.852
0.852
0.8495
0.85
0.856
0.8465
0.8505
0.8495
0.863
0.843
0.8565
0.85
0.849
0.85
0.851
0.852
0.8485
0.8535
0.844
0.8505
0.8455
0.84
0.849
0.8465
0.843
0.849
0.853
0.853
0.8425
0.8515
0.853
0.8455
0.848
0.8495
0.854
0.8505
0.855
0.8475
0.842
0.8465
0.865
0.8465
0.854
0.846
0.8475
0.848
0.85
0.845
0.853
0.852
0.844
0.85
0.847
0.8485
0.85
0.846
0.843
0.8505
0.839
0.854
0.841
0.841
0.835
0.848
0.855
0.85
0.8505
0.852
0.8515
0.848
0.856
0.859
0.8445
0.8565
0.8495
0.853
0.8465
0.856
0.851
0.85
0.8535
0.8525
0.846
0.849
0.854
0.851
0.851
0.8515
0.8575
0.8495
0.851
0.846
0.8535
0.848
0.852
0.8485
0.8605
0.85
0.8515
0.856
0.853
0.853
0.8545
0.813
0.8515
0.8505
0.8465
0.853
0.8545
0.8505
0.8495
0.8545
0.853
0.844
0.849
0.851
0.853
0.854
0.853
0.854
0.8525
0.853
0.854
0.8555
0.847
0.857
0.852
0.853
0.8435
0.8565
0.847
0.851
0.848
0.8615
0.8535
0.853
0.849
0.8485
0.854
0.8545
0.856
0.843
0.8545
0.8415
0.8525
0.8545
0.855
0.8475
0.8585
0.856
0.847
0.863
0.852
0.8615
0.8505
0.853
0.8465
0.8545
0.852
0.851
0.8555
0.8495
0.8515
0.857
0.85
0.85
0.856
0.8515
0.856
0.854
0.8185
0.8535
0.8485
0.8445
0.851
0.85
0.851
0.8505
0.847
0.8475
0.851
0.8465
0.851
0.844
0.8595
0.8505
0.8545
0.8435
0.852
0.861
0.856
0.853
0.854
0.85
0.8585
0.8485
0.85
0.8455
0.855
0.841
0.8535
0.8475
0.8505
0.856
0.8455
0.841
0.849
0.8515
0.851
0.8575
0.86
0.8555
0.8535
0.849
0.8465
0.854
0.8515
0.85
0.855
0.854
0.8565
0.851
0.848
0.851
0.8545
0.849
0.8525
0.8575
0.8555
0.8455
0.8565
0.847
0.862
0.835
0.853
0.853
0.861
0.848
0.8535
0.8555
0.8525
0.8465
0.8475
0.8535
0.85
0.8505
0.853
0.851
0.853
0.8525
0.8545
0.853
0.8555
0.8505
0.8525
0.8605
0.8555
0.8585
0.8435
0.8585
0.848
0.85
0.849
0.8555
0.851
0.8525
0.8475
0.8545
0.852
0.8555
0.8465
0.8555
0.8545
0.844
0.846
0.854
0.85
0.859
0.853
0.8545
0.8535
0.847
0.8455
0.849
0.8515
0.853
0.854
0.851
0.858
0.76
0.852
0.8525
0.8475
0.839
0.853
0.85
0.8545
0.8485
0.861
0.85
0.8445
0.851
0.848
0.853
0.8485
0.846
0.8595
0.851
0.8535
0.8545
0.8475
0.8475
0.8485
0.862
0.854
0.844
0.852
0.85
0.852
0.8395
0.849
0.856
0.8525
0.846
0.8515
0.8495
0.8485
0.845
0.858
0.854
0.851
0.8575
0.851
0.8585
0.852
0.8495
0.8505
0.853
0.853
0.845
0.8515
0.8515
0.8455
0.8555
0.8535
0.848
0.8495
0.851
0.8585
0.8515
0.856
0.8505
0.858
0.8535
0.858
0.859
0.8555
0.857
0.856
0.851
0.8475
0.852
0.8615
0.8445
0.855
0.853
0.8585
0.848
0.856
0.855
0.842
0.8475
0.8545
0.867
0.8455
0.852
0.8525
0.8525
0.8495
0.8485
0.8475
0.8525
0.8425
0.844
0.8515
0.853
0.843
0.8505
0.8435
0.855
0.8585
0.8495
0.853
0.8475
0.8545
0.846
0.8595
0.8495
0.853
0.8545
0.853
0.8535
0.8605
0.8505
0.856
0.8505
0.8515
0.8405
0.852
0.864
0.853
0.8595
0.849
0.843
0.852
0.8435
0.857
0.864
0.848
0.845
0.8555
0.8575
0.8505
0.8525
0.8525
0.854
0.848
0.8515
0.848
0.8525
0.85
0.852
0.8525
0.8535
0.8595
0.847
0.8515
0.8505
0.8485
0.857
0.863
0.853
0.85
0.856
0.852
0.8505
0.8575
0.8465
0.8545
0.8495
0.855
0.8475
0.843
0.849
0.8455
0.8515
0.8535
0.8505
0.8495
0.851
0.848
0.8505
0.8625
0.8545
0.8585
0.849
0.8605
0.851
0.858
0.86
0.8545
0.8495
0.849
0.848
0.8575
0.8535
0.8505
0.8595
0.8485
0.8675
0.853
0.8505
0.855
0.848
0.8495
0.8505
0.852
0.8585
0.8545
0.849
0.854
0.8515
0.8495
0.8525
0.8505
0.851
0.8535
0.85
0.8545
0.8525
0.847
0.8455
0.8605
0.8535
0.8445
0.854
0.854
0.8505
0.8455
0.8525
0.849
0.854
0.852
0.8495
0.85
0.8395
0.847
0.855
0.8535
0.857
0.852
0.8535
0.853
0.856
0.849
0.854
0.853
0.8565
0.853
0.863
0.8565
0.8535
0.854
0.8445
0.8465
0.844
0.846
0.8495
0.8545
0.8515
0.846
0.8485
0.849
0.853
0.853
0.857
0.847
0.8475
0.85
0.856
0.8525
0.8505
0.853
0.851
0.8495
0.851
0.853
0.8505
0.853
0.8555
0.857
0.8495
0.856
0.851
0.8435
0.8515
0.8455
0.8585
0.855
0.8535
0.859
0.848
0.8575
0.8555
0.852
0.853
0.8465
0.8505
0.8525
0.848
0.8565
0.854
0.8535
0.8635
0.8575
0.8555
0.853
0.845
0.854
0.8475
0.856
0.857
0.8495
0.8595
0.8535
0.8505
0.857
0.8575
0.8515
0.853
0.8425
0.8555
0.8485
0.8485
0.8515
0.8465
0.8475
0.8545
0.852
0.8515
0.8515
0.8525
0.854
0.853
0.846
0.848
0.8655
0.8555
0.8535
0.8535
0.853
0.8485
0.8575
0.856
0.8595
0.8525
0.8515
0.853
0.865
0.8575
0.8535
0.851
0.8495
0.8505
0.8495
0.863
0.853
0.858
0.85
0.855
0.854
0.848
0.8525
0.848
0.851
0.8575
0.8565
0.8535
0.859
0.8505
0.8595
0.8535
0.858
0.855
0.8535
0.86
0.8595
0.8515
0.847
0.8535
0.851
0.8555
0.8525
0.852
0.8535
0.8545
0.857
0.856
0.8645
0.8585
0.845
0.856
0.852
0.8595
0.858
0.856
0.848
0.852
0.8435
0.859
0.8575
0.852
0.8515
0.852
0.852
0.8525
0.8565
0.8505
0.848
0.8565
0.855
0.8495
0.8515
0.8575
0.849
0.848
0.8585
0.8565
0.8505
0.853
0.8475
0.8505
0.854
0.8565
0.8465
0.853
0.847
0.852
0.86
0.8615
0.8505
0.851
0.86
0.857
0.8455
0.8515
0.8585
0.859
0.8575
0.859
0.8525
0.8525
0.8585
0.849
0.8505
0.85
0.857
0.856
0.8565
0.8535
0.853
0.8455
0.857
0.856
0.8515
0.8555
0.8565
0.8545
0.8615
0.85
0.85
0.851
0.8495
0.847
0.855
0.855
0.857
0.8465
0.8535
0.8485
0.8555
0.851
0.8435
0.851
0.858
0.8595
0.8415
0.85
0.847
0.859
0.8595
0.866
0.8525
0.8555
0.857
0.852
0.8525
0.855
0.8505
0.8635
0.8505
0.8605
0.854
0.8515
0.8515
0.854
0.861
0.8545
0.85
0.8575
0.85
0.8545
0.855
0.8555
0.849
0.85
0.854
0.8465
0.852
0.858
0.852
0.848
0.8525
0.8555
0.8585
0.852
0.856
0.854
0.853
0.8545
0.861
0.8525
0.854
0.861
0.8565
0.859
0.855
0.8525
0.8575
0.852
0.852
0.8635
0.8485
0.8505
0.8495
0.855
0.852
0.8535
0.846
0.857
0.8495
0.848
0.849
0.8535
0.851
0.858
0.8495
0.858
0.8545
0.8505
0.866
0.8515
0.856
0.859
0.8545
0.8465
0.8525
0.846
0.8585
0.8555
0.8595
0.8525
0.8585
0.863
0.8525
0.845
0.854
0.857
0.8575
0.847
0.8535
0.8605
0.857
0.856
0.85
0.86
0.8595
0.852
0.857
0.8515
0.8555
0.8505
0.864
0.86
0.852
0.8585
0.853
0.8525
0.855
0.8485
0.853
0.856
0.8515
0.864
0.859
0.8575
0.853
0.8585
0.854
0.8455
0.8565
0.8545
0.854
0.8555
0.856
0.8545
0.854
0.8505
0.858
0.8505
0.8525
0.8625
0.856
0.848
0.855
0.861
0.865
0.854
0.8525
0.852
0.858
0.856
0.8545
0.8525
0.8455
0.855
0.8545
0.8565
0.852
0.8565
0.852
0.8575
0.86
0.8555
0.854
0.8495
0.855
0.8635
0.847
0.8555
0.865
0.853
0.86
0.848
0.857
0.86
0.853
0.851
0.856
0.846
0.853
0.849
0.8485
0.8475
0.852
0.8575
0.851
0.8535
0.8515
0.848
0.852
0.851
0.851
0.8625
0.853
0.8595
0.853
0.8605
0.863
0.849
0.8535
0.852
0.852
0.8585
0.8625
0.85
0.846
0.856
0.851
0.853
0.8575
0.8545
0.855
0.8505
0.86
0.8545
0.852
0.856
0.8535
0.854
0.8575
0.853
0.856
0.8575
0.864
0.859
0.8535
0.8525
0.852
0.847
0.859
0.8615
0.8515
0.852
0.8685
0.8525
0.8555
0.8515
0.8555
0.8515
0.859
0.85
0.854
0.8505
0.852
0.8565
0.8585
0.8475
0.8535
0.8535
0.8655
0.855
0.856
0.865
0.85
0.862
0.8575
0.8605
0.855
0.86
0.855
0.851
0.8545
0.8565
0.8495
0.853
0.8505
0.8575
0.853
0.8505
0.86
0.8465
0.856
0.852
0.8565
0.861
0.8555
0.8515
0.859
0.852
0.8485
0.8555
0.8475
0.855
0.858
0.8585
0.843
0.841
0.849
0.853
0.854
0.852
0.854
0.847
0.8575
0.8565
0.857
0.8485
0.8515
0.849
0.857
0.8565
0.8495
0.8595
0.8525
0.8635
0.8565
0.8545
0.85
0.857
0.85
0.852
0.858
0.857
0.864
0.8535
0.854
0.856
0.854
0.8545
0.8525
0.8425
0.8565
0.8475
0.856
0.85
0.846
0.856
0.849
0.86
0.8475
0.8595
0.858
0.858
0.8595
0.854
0.8485
0.86
0.8535
0.8535
0.851
0.856
0.8565
0.856
0.8605
0.855
0.8525
0.8535
0.858
0.8535
0.8545
0.8545
0.856
0.856
0.8555
0.855
0.861
0.853
0.848
0.8545
0.8585
0.856
0.8535
0.8585
0.8615
0.8495
0.8605
0.8555
0.863
0.857
0.862
0.86
0.852
0.858
0.844
0.8535
0.8625
0.863
0.8585
0.8545
0.856
0.8535
0.8545
0.8575
0.857
0.8495
0.8565
0.853
0.857
0.8535
0.856
0.854
0.8605
0.8575
0.8445
0.851
0.856
0.856
0.852
0.8545
0.854
0.8545
0.855
0.8515
0.849
0.851
0.8585
0.8525
0.8625
0.8535
0.8565
0.862
0.853
0.849
0.855
0.8535
0.8575
0.856
0.7855
0.8575
0.8515
0.8615
0.858
0.863
0.86
0.8515
0.8575
0.8525
0.8535
0.853
0.8505
0.849
0.8495
0.8585
0.857
0.857
0.849
0.8575
0.8465
0.8545
0.861
0.857
0.856
0.864
0.8435
0.856
0.8585
0.859
0.8505
0.854
0.8595
0.8575
0.857
0.8555
0.8565
0.858
0.8435
0.8525
0.857
0.8555
0.861
0.863
0.862
0.86
0.861
0.8545
0.8605
0.86
0.852
0.8545
0.8575
0.8545
0.8585
0.861
0.8585
0.8615
0.8515
0.8565
0.858
0.857
0.8545
0.8595
0.8495
0.8575
0.859
0.8545
0.856
0.853
0.858
0.847
0.8535
0.857
0.858
0.858
0.851
0.8555
0.8535
0.8505
0.8545
0.8535
0.8545
0.855
0.856
0.853
0.85
0.8635
0.8425
0.8475
0.848
0.8535
0.859
0.8615
0.856
0.8495
0.8645
0.857
0.8605
0.8525
0.856
0.8525
0.8595
0.8605
0.8595
0.862
0.853
0.7955
0.85
0.859
0.8595
0.8575
0.8625
0.852
0.858
0.8555
0.8585
0.8585
0.856
0.853
0.8575
0.8535
0.8545
0.8575
0.857
0.864
0.8555
0.855
0.8525
0.8505
0.86
0.858
0.852
0.8525
0.852
0.858
0.8515
0.861
0.859
0.8495
0.8595
0.8635
0.855
0.859
0.8565
0.858
0.856
0.8565
0.853
0.848
0.859
0.849
0.8485
0.8465
0.8525
0.855
0.854
0.853
0.8615
0.854
0.8475
0.8555
0.8565
0.8585
0.861
0.8555
0.8505
0.854
0.862
0.861
0.854
0.8495
0.8555
0.849
0.8635
0.847
0.8575
0.8555
0.85
0.862
0.851
0.854
0.8565
0.861
0.8525
0.862
0.861
0.855
0.8575
0.8605
0.855
0.8565
0.854
0.8365
0.853
0.855
0.8595
0.852
0.8555
0.8475
0.8565
0.855
0.8485
0.855
0.8615
0.8525
0.855
0.855
0.863
0.8475
0.8585
0.8545
0.854
0.8545
0.857
0.8485
0.854
0.857
0.8655
0.858
0.862
0.862
0.8625
0.8505
0.853
0.857
0.8595
0.8525
0.858
0.855
0.849
0.86
0.8535
0.8655
0.8565
0.85
0.8555
0.859
0.861
0.8575
0.8425
0.853
0.8625
0.847
0.8635
0.8555
0.8585
0.8565
0.8505
0.855
0.8535
0.8595
0.8535
0.854
0.8545
0.856
0.8605
0.856
0.853
0.8585
0.8515
0.8555
0.8595
0.8635
0.8555
0.8635
0.852
0.8545
0.863
0.857
0.8555
0.8585
0.862
0.859
0.8655
0.854
0.859
0.853
0.8545
0.862
0.8575
0.853
0.8465
0.859
0.8655
0.873
0.859
0.861
0.8545
0.8615
0.856
0.86
0.8555
0.8615
0.8625
0.859
0.8575
0.861
0.867
0.8555
0.8595
0.8615
0.8675
0.865
0.8665
0.863
0.8515
0.856
0.8535
0.8695
0.859
0.86
0.8555
0.855
0.8565
0.86
0.864
0.8575
0.855
0.8575
0.855
0.855
0.859
0.8575
0.86
0.862
0.856
0.8545
0.858
0.858
0.852
0.861
0.853
0.84
0.858
0.852
0.8555
0.741
0.8575
0.86
0.8575
0.8525
0.8505
0.858
0.848
0.8585
0.8535
0.853
0.8595
0.8575
0.8585
0.8515
0.8515
0.863
0.8555
0.8595
0.8495
0.858
0.8525
0.8605
0.8595
0.863
0.8625
0.8605
0.854
0.8535
0.858
0.8535
0.862
0.854
0.8605
0.854
0.8635
0.856
0.8635
0.858
0.863
0.8555
0.8575
0.863
0.8595
0.8525
0.852
0.854
0.7785
0.861
0.8485
0.855
0.8585
0.8545
0.8605
0.8655
0.855
0.854
0.855
0.856
0.8615
0.857
0.8625
0.8575
0.8545
0.8545
0.863
0.863
0.8465
0.8535
0.8615
0.86
0.8515
0.8575
0.8605
0.86
0.8505
0.855
0.863
0.8605
0.8515
0.8565
0.8605
0.86
0.857
0.8575
0.8625
0.857
0.8615
0.859
0.864
0.85
0.861
0.857
0.856
0.8625
0.8505
0.8525
0.858
0.8585
0.8595
0.856
0.8555
0.854
0.8605
0.864
0.85
0.864
0.854
0.855
0.853
0.8555
0.857
0.861
0.8595
0.86
0.8585
0.8535
0.8565
0.8515
0.8605
0.8605
0.8585
0.85
0.854
0.8565
0.854
0.859
0.8585
0.8635
0.8545
0.86
0.858
0.854
0.854
0.854
0.8625
0.8585
0.855
0.8615
0.8615
0.856
0.8515
0.8545
0.8585
0.8625
0.858
0.866
0.8545
0.85
0.854
0.8525
0.861
0.8615
0.8605
0.8595
0.8595
0.854
0.8595
0.853
0.8605
0.8655
0.8585
0.862
0.858
0.855
0.8575
0.856
0.858
0.8555
0.865
0.8655
0.859
0.8565
0.8585
0.8635
0.8665
0.855
0.8575
0.8595
0.854
0.8555
0.859
0.8635
0.872
0.8625
0.858
0.8565
0.8605
0.8575
0.8605
0.8585
0.8625
0.8605
0.858
0.859
0.8555
0.858
0.8565
0.8555
0.8595
0.8565
0.855
0.8645
0.859
0.8495
0.861
0.8575
0.862
0.8615
0.8505
0.8575
0.8535
0.8525
0.8595
0.857
0.8705
0.858
0.867
0.8545
0.854
0.858
0.8615
0.8565
0.8675
0.8255
0.8545
0.8545
0.8535
0.8645
0.864
0.8605
0.86
0.862
0.8585
0.857
0.853
0.8515
0.852
0.852
0.8555
0.855
0.86
0.8575
0.854
0.8625
0.8605
0.8555
0.862
0.8555
0.8625
0.856
0.8545
0.8635
0.863
0.8605
0.859
0.847
0.8685
0.8545
0.8565
0.863
0.8595
0.8565
0.8585
0.857
0.8485
0.8585
0.86
0.8595
0.863
0.856
0.863
0.862
0.856
0.862
0.86
0.8605
0.859
0.8515
0.856
0.8475
0.8645
0.86
0.855
0.852
0.851
0.8565
0.859
0.862
0.854
0.8635
0.8585
0.8515
0.858
0.858
0.8585
0.858
0.8555
0.8645
0.8595
0.857
0.8535
0.866
0.8585
0.859
0.861
0.8615
0.8475
0.8625
0.8595
0.855
0.8555
0.864
0.8555
0.863
0.8525
0.857
0.8495
0.855
0.8605
0.851
0.856
0.8635
0.857
0.8595
0.861
0.859
0.851
0.864
0.8575
0.8595
0.863
0.85
0.866
0.8475
0.8625
0.865
0.859
0.852
0.8605
0.849
0.8635
0.8555
0.8555
0.857
0.8645
0.861
0.8565
0.862
0.8575
0.8555
0.8555
0.859
0.8595
0.8545
0.852
0.858
0.8495
0.8515
0.854
0.856
0.8575
0.8585
0.853
0.857
0.856
0.8565
0.8545
0.866
0.8595
0.856
0.8555
0.855
0.858
0.8635
0.8555
0.864
0.8615
0.856
0.851
0.8585
0.8545
0.86
0.8535
0.8545
0.857
0.8595
0.8565
0.863
0.8605
0.86
0.8565
0.856
0.855
0.8585
0.859
0.8585
0.8585
0.857
0.8555
0.852
0.8555
0.862
0.8585
0.8555
0.854
0.854
0.8655
0.852
0.8665
0.8605
0.8635
0.8615
0.8585
0.8555
0.8565
0.8565
0.8575
0.856
0.8575
0.8495
0.856
0.848
0.8525
0.857
0.862
0.8545
0.8595
0.8585
0.852
0.8595
0.8555
0.857
0.8555
0.8555
0.8505
0.867
0.8515
0.8545
0.8595
0.856
0.853
0.852
0.857
0.859
0.8575
0.857
0.8525
0.8615
0.853
0.8505
0.8645
0.856
0.857
0.8525
0.85
0.854
0.853
0.859
0.8585
0.8545
0.8525
0.859
0.855
0.8555
0.86
0.8605
0.8565
0.8625
0.8575
0.856
0.86
0.8505
0.8635
0.853
0.854
0.8575
0.857
0.8575
0.8685
0.859
0.855
0.852
0.856
0.8645
0.8595
0.8635
0.853
0.861
0.859
0.852
0.858
0.8585
0.8555
0.8575
0.8565
0.8585
0.858
0.8585
0.856
0.864
0.8535
0.8585
0.858
0.853
0.85
0.8565
0.864
0.853
0.851
0.856
0.8605
0.853
0.8665
0.854
0.8605
0.85
0.863
0.854
0.8625
0.8605
0.8575
0.857
0.863
0.8615
0.857
0.85
0.851
0.8525
0.854
0.853
0.865
0.861
0.8555
0.8675
0.857
0.8595
0.8495
0.8475
0.857
0.852
0.852
0.856
0.855
0.8635
0.8535
0.864
0.858
0.8495
0.8575
0.859
0.854
0.869
0.8565
0.856
0.857
0.8635
0.866
0.8615
0.85
0.85
0.8535
0.8665
0.8495
0.8545
0.8565
0.859
0.8595
0.859
0.852
0.861
0.8555
0.854
0.858
0.8635
0.862
0.8565
0.8605
0.86
0.8615
0.855
0.8565
0.8585
0.8565
0.859
0.858
0.853
0.8595
0.8595
0.8595
0.8555
0.8525
0.854
0.8575
0.857
0.858
0.869
0.854
0.852
0.858
0.861
0.8555
0.8605
0.855
0.8585
0.8575
0.86
0.863
0.853
0.8575
0.865
0.856
0.862
0.8595
0.8625
0.857
0.856
0.8525
0.86
0.85
0.851
0.8595
0.856
0.8565
0.858
0.8585
0.853
0.86
0.855
0.8575
0.854
0.856
0.854
0.862
0.856
0.861
0.8575
0.859
0.8505
0.865
0.8635
0.8605
0.8655
0.854
0.851
0.852
0.855
0.863
0.854
0.859
0.8555
0.8525
0.8505
0.8625
0.8565
0.863
0.852
0.8585
0.858
0.862
0.855
0.8575
0.8485
0.863
0.857
0.8535
0.8635
0.856
0.854
0.8635
0.851
0.8505
0.8585
0.8575
0.861
0.857
0.86
0.8555
0.858
0.8645
0.864
0.8615
0.8595
0.8555
0.8665
0.854
0.861
0.86
0.8555
0.8535
0.8635
0.8605
0.863
0.8655
0.851
0.86
0.856
0.8695
0.856
0.86
0.8555
0.8555
0.8535
0.859
0.853
0.855
0.855
0.8645
0.864
0.857
0.859
0.8545
0.8615
0.857
0.86
0.862
0.865
0.864
0.8595
0.8585
0.855
0.858
0.8615
0.8615
0.8755
0.863
0.858
0.8655
0.857
0.864
0.862
0.864
0.86
0.8545
0.8615
0.859
0.857
0.861
0.854
0.849
0.8505
0.8635
0.8705
0.855
0.8585
0.858
0.8675
0.857
0.8575
0.8565
0.8605
0.8585
0.857
0.8625
0.8595
0.8635
0.856
0.862
0.866
0.862
0.862
0.847
0.8565
0.8605
0.869
0.8595
0.853
0.8645
0.861
0.8565
0.8495
0.8635
0.863
0.8535
0.858
0.8505
0.861
0.8585
0.8535
0.865
0.864
0.852
0.877
0.8625
0.853
0.865
0.856
0.857
0.8645
0.8685
0.8625
0.861
0.8645
0.858
0.865
0.86
0.86
0.867
0.857
0.8615
0.865
0.8585
0.8625
0.8595
0.8585
0.8615
0.8555
0.8705
0.86
0.8575
0.847
0.862
0.8675
0.864
0.85
0.858
0.8575
0.8635
0.848
0.8565
0.8675
0.8635
0.863
0.857
0.8645
0.8495
0.864
0.851
0.8545
0.86
0.8645
0.86
0.8645
0.8535
0.859
0.855
0.865
0.861
0.855
0.852
0.8515
0.8595
0.864
0.859
0.856
0.864
0.8575
0.855
0.862
0.8595
0.8575
0.8535
0.863
0.8775
0.8635
0.857
0.8665
0.859
0.862
0.8595
0.865
0.862
0.864
0.8665
0.851
0.8655
0.861
0.858
0.854
0.8495
0.859
0.857
0.8625
0.858
0.858
0.8555
0.857
0.8585
0.861
0.8585
0.865
0.855
0.857
0.8615
0.8525
0.858
0.8655
0.8575
0.854
0.8545
0.858
0.8535
0.8555
0.858
0.8595
0.854
0.8595
0.8625
0.8575
0.86
0.867
0.858
0.8585
0.859
0.8655
0.861
0.8615
0.8595
0.856
0.863
0.862
0.8525
0.862
0.8625
0.858
0.8565
0.8605
0.852
0.86
0.8705
0.8635
0.8615
0.86
0.857
0.8685
0.8585
0.8545
0.864
0.862
0.8575
0.857
0.8595
0.8615
0.8555
0.8675
0.8625
0.872
0.864
0.8625
0.8625
0.858
0.862
0.8635
0.852
0.8585
0.8515
0.853
0.8615
0.855
0.856
0.8635
0.8535
0.856
0.864
0.8585
0.8615
0.859
0.8675
0.867
0.857
0.849
0.8565
0.864
0.858
0.8505
0.856
0.8485
0.8585
0.8695
0.858
0.8625
0.8585
0.863
0.8515
0.8645
0.8585
0.8655
0.8635
0.8575
0.8625
0.858
0.856
0.8625
0.8565
0.8605
0.8555
0.8635
0.8535
0.8535
0.8535
0.864
0.854
0.8635
0.8535
0.862
0.8635
0.857
0.8615
0.8645
0.8685
0.857
0.8565
0.855
0.8575
0.859
0.8655
0.8585
0.865
0.8575
0.8575
0.857
0.857
0.8585
0.868
0.855
0.8595
0.8565
0.8595
0.861
0.858
0.862
0.861
0.865
0.863
0.874
0.856
0.871
0.8645
0.849
0.8615
0.8685
0.864
0.862
0.8595
0.8665
0.86
0.862
0.8595
0.854
0.858
0.875
0.8595
0.8635
0.857
0.8595
0.862
0.8615
0.8555
0.867
0.8595
0.854
0.863
0.853
0.8625
0.8635
0.8625
0.8655
0.862
0.8525
0.857
0.864
0.858
0.862
0.8575
0.8535
0.865
0.856
0.864
0.866
0.863
0.8645
0.871
0.8635
0.86
0.8635
0.863
0.859
0.859
0.8625
0.873
0.8645
0.864
0.862
0.8595
0.846
0.87
0.865
0.856
0.852
0.865
0.8615
0.8625
0.864
0.867
0.8635
0.8625
0.865
0.859
0.8605
0.859
0.863
0.8595
0.8625
0.867
0.86
0.8595
0.867
0.861
0.862
0.8585
0.8715
0.853
0.8615
0.8585
0.86
0.863
0.868
0.867
0.862
0.868
0.862
0.8655
0.8595
0.856
0.861
0.863
0.86
0.86
0.862
0.858
0.8655
0.8505
0.862
0.8575
0.855
0.8565
0.8615
0.8685
0.8575
0.8605
0.8625
0.861
0.8695
0.865
0.8535
0.862
0.866
0.8595
0.856
0.8675
0.857
0.8675
0.859
0.856
0.8685
0.8675
0.86
0.851
0.854
0.8575
0.8535
0.8635
0.8575
0.868
0.871
0.872
0.859
0.8635
0.865
0.8575
0.866
0.8695
0.8595
0.862
0.8665
0.87
0.8625
0.862
0.866
0.8605
0.856
0.8635
0.8605
0.85
0.8575
0.862
0.8625
0.859
0.8645
0.858
0.8585
0.8605
0.857
0.867
0.861
0.8625
0.8575
0.869
0.8575
0.8575
0.869
0.8655
0.8675
0.868
0.865
0.861
0.859
0.865
0.8525
0.8625
0.8635
0.8665
0.889
0.8525
0.861
0.8605
0.858
0.86
0.856
0.863
0.8615
0.8595
0.861
0.861
0.8615
0.8615
0.8575
0.865
0.863
0.8655
0.861
0.8605
0.8635
0.8645
0.8685
0.8615
0.859
0.8625
0.8605
0.8655
0.868
0.859
0.861
0.858
0.862
0.865
0.853
0.862
0.856
0.8655
0.8555
0.8605
0.86
0.8585
0.8665
0.8585
0.86
0.8645
0.8595
0.859
0.864
0.8675
0.8635
0.8635
0.8615
0.8635
0.855
0.8625
0.8515
0.847
0.87
0.854
0.861
0.8675
0.8525
0.862
0.863
0.859
0.864
0.861
0.8665
0.861
0.8665
0.857
0.8535
0.8715
0.8505
0.8605
0.854
0.866
0.858
0.8585
0.86
0.86
0.861
0.861
0.8565
0.8575
0.859
0.865
0.86
0.8685
0.859
0.8615
0.837
0.8595
0.8595
0.861
0.861
0.863
0.8645
0.854
0.867
0.8595
0.8685
0.862
0.864
0.864
0.8545
0.862
0.8655
0.868
0.86
0.86
0.862
0.8585
0.861
0.8635
0.8595
0.865
0.862
0.855
0.8555
0.8585
0.8645
0.865
0.8525
0.859
0.8645
0.8595
0.857
0.866
0.8665
0.8575
0.861
0.859
0.8635
0.8625
0.8585
0.859
0.855
0.861
0.867
0.857
0.8625
0.865
0.866
0.8525
0.859
0.862
0.864
0.8595
0.8645
0.856
0.856
0.8615
0.86
0.8675
0.863
0.86
0.8595
0.8615
0.857
0.859
0.858
0.8625
0.859
0.8605
0.861
0.86
0.859
0.8625
0.858
0.858
0.866
0.8675
0.8635
0.86
0.8605
0.8665
0.857
0.863
0.855
0.859
0.863
0.8605
0.86
0.8625
0.864
0.864
0.862
0.8745
0.8695
0.863
0.859
0.865
0.857
0.864
0.8515
0.859
0.861
0.8625
0.8645
0.8585
0.8675
0.8645
0.867
0.8545
0.8615
0.8575
0.862
0.898
0.8565
0.865
0.858
0.877
0.8685
0.8665
0.8625
0.858
0.8595
0.8645
0.863
0.8665
0.8605
0.868
0.8675
0.868
0.866
0.8625
0.867
0.8535
0.871
0.863
0.86
0.8645
0.86
0.855
0.8635
0.862
0.8675
0.8585
0.8645
0.867
0.8615
0.854
0.857
0.8595
0.856
0.8595
0.856
0.8655
0.8565
0.8625
0.8635
0.861
0.865
0.859
0.8565
0.8495
0.8605
0.859
0.8605
0.859
0.8615
0.8675
0.863
0.8615
0.863
0.8605
0.858
0.8605
0.8675
0.865
0.8545
0.8585
0.8585
0.854
0.863
0.864
0.854
0.862
0.8615
0.865
0.8585
0.8645
0.869
0.8695
0.859
0.864
0.864
0.862
0.8595
0.8625
0.8625
0.8635
0.864
0.8625
0.861
0.8555
0.8635
0.8595
0.8595
0.8565
0.8675
0.857
0.8655
0.8585
0.866
0.8565
0.86
0.863
0.857
0.857
0.8625
0.864
0.86
0.864
0.861
0.782
0.8665
0.8675
0.8605
0.863
0.864
0.8635
0.8585
0.862
0.8685
0.858
0.867
0.8615
0.867
0.859
0.8545
0.862
0.8595
0.861
0.871
0.865
0.8565
0.4035
0.859
0.862
0.86
0.8635
0.865
0.8635
0.868
0.864
0.871
0.8505
0.8595
0.8585
0.866
0.852
0.869
0.866
0.865
0.8665
0.857
0.858
0.8605
0.8475
0.858
0.853
0.871
0.8695
0.8615
0.863
0.8665
0.856
0.8565
0.8675
0.8675
0.869
0.858
0.8615
0.86
0.866
0.865
0.861
0.8575
0.863
0.858
0.861
0.8655
0.8645
0.863
0.859
0.86
0.868
0.8565
0.8575
0.8705
0.8645
0.8625
0.8595
0.8565
0.8605
0.8665
0.869
0.8605
0.8695
0.861
0.8615
0.864
0.8655
0.866
0.865
0.858
0.859
0.8635
0.8565
0.864
0.8665
0.8665
0.8675
0.846
0.855
0.872
0.864
0.861
0.8735
0.857
0.8645
0.871
0.8655
0.862
0.859
0.8685
0.8705
0.8645
0.8575
0.866
0.8675
0.8615
0.861
0.8605
0.8595
0.863
0.853
0.8745
0.864
0.857
0.8635
0.8655
0.862
0.867
0.8545
0.874
0.8685
0.865
0.863
0.872
0.8675
0.861
0.8565
0.8475
0.86
0.861
0.867
0.8635
0.861
0.8685
0.8575
0.8645
0.859
0.8665
0.8665
0.8705
0.858
0.8665
0.8675
0.8615
0.865
0.8645
0.859
0.8595
0.8685
0.8685
0.8635
0.866
0.868
0.859
0.863
0.8605
0.8705
0.866
0.873
0.861
0.8605
0.861
0.868
0.855
0.8685
0.872
0.87
0.863
0.869
0.8655
0.8605
0.8705
0.8645
0.8595
0.87
0.8595
0.8675
0.8695
0.8645
0.8625
0.862
0.8535
0.8615
0.8715
0.8685
0.8665
0.864
0.8705
0.819
0.867
0.8645
0.868
0.8655
0.8625
0.865
0.8535
0.8655
0.8705
0.8625
0.865
0.856
0.8665
0.867
0.8655
0.705
0.8615
0.864
0.8725
0.866
0.864
0.8605
0.8675
0.864
0.866
0.8655
0.8645
0.8645
0.8665
0.863
0.868
0.8675
0.856
0.862
0.8585
0.8675
0.8695
0.8655
0.8595
0.8605
0.859
0.8575
0.857
0.873
0.871
0.8665
0.865
0.8595
0.8645
0.863
0.86
0.8695
0.864
0.8625
0.8625
0.869
0.8675
0.867
0.8055
0.8645
0.8685
0.869
0.8605
0.858
0.865
0.864
0.859
0.87
0.8655
0.864
0.869
0.862
0.864
0.87
0.857
0.868
0.862
0.8665
0.874
0.868
0.8635
0.864
0.8725
0.8605
0.8645
0.867
0.866
0.86
0.8625
0.8635
0.8695
0.868
0.861
0.857
0.87
0.856
0.8645
0.865
0.8695
0.871
0.8615
0.861
0.868
0.8595
0.868
0.861
0.8665
0.868
0.8635
0.8705
0.8595
0.8725
0.862
0.866
0.8615
0.861
0.861
0.868
0.869
0.8655
0.865
0.8585
0.871
0.8695
0.8675
0.862
0.868
0.8625
0.867
0.8625
0.864
0.861
0.866
0.8625
0.865
0.864
0.8685
0.864
0.867
0.859
0.8675
0.8605
0.8665
0.8675
0.867
0.861
0.8615
0.8555
0.862
0.864
0.863
0.8715
0.8625
0.869
0.864
0.866
0.862
0.865
0.864
0.8625
0.868
0.8625
0.868
0.8635
0.865
0.865
0.8685
0.857
0.8605
0.862
0.8645
0.8605
0.853
0.871
0.863
0.8645
0.8615
0.866
0.8645
0.8645
0.8635
0.8645
0.8665
0.8625
0.8615
0.8645
0.8675
0.8675
0.8655
0.8575
0.867
0.868
0.8605
0.8655
0.8605
0.86
0.868
0.866
0.8585
0.864
0.869
0.8705
0.8655
0.8625
0.858
0.872
0.857
0.8625
0.8665
0.863
0.856
0.86
0.8635
0.8565
0.8645
0.855
0.8655
0.8605
0.861
0.8665
0.862
0.8725
0.867
0.867
0.8685
0.867
0.861
0.8675
0.867
0.8665
0.865
0.864
0.864
0.8715
0.8655
0.8615
0.853
0.866
0.8635
0.8675
0.864
0.8665
0.8665
0.863
0.856
0.8715
0.87
0.868
0.863
0.865
0.869
0.865
0.8705
0.8685
0.861
0.868
0.865
0.8615
0.86
0.864
0.861
0.864
0.8595
0.862
0.87
0.868
0.8645
0.8665
0.8695
0.8655
0.859
0.871
0.8625
0.859
0.8635
0.8755
0.8685
0.8675
0.866
0.8545
0.862
0.8655
0.862
0.8705
0.8665
0.8695
0.8605
0.863
0.863
0.8615
0.866
0.8575
0.858
0.866
0.8605
0.866
0.8715
0.869
0.8715
0.866
0.865
0.878
0.8665
0.864
0.8625
0.863
0.8665
0.8615
0.8645
0.8665
0.872
0.8565
0.8645
0.8655
0.856
0.862
0.864
0.8585
0.858
0.8575
0.8555
0.8645
0.8635
0.8645
0.863
0.8745
0.8555
0.865
0.8645
0.8655
0.865
0.867
0.869
0.8585
0.865
0.862
0.863
0.8605
0.866
0.869
0.8805
0.865
0.864
0.8615
0.8655
0.867
0.868
0.8625
0.8635
0.8655
0.8665
0.8585
0.8655
0.8665
0.867
0.863
0.858
0.87
0.855
0.8585
0.8645
0.86
0.864
0.8565
0.8695
0.866
0.876
0.8615
0.8675
0.8655
0.87
0.879
0.867
0.8585
0.8615
0.8575
0.862
0.862
0.8655
0.86
0.859
0.872
0.865
0.8685
0.8695
0.8625
0.861
0.86
0.8675
0.8645
0.8625
0.861
0.8665
0.8645
0.87
0.866
0.855
0.86
0.864
0.8655
0.8595
0.8605
0.866
0.8635
0.867
0.8655
0.859
0.8715
0.8665
0.8685
0.87
0.861
0.863
0.865
0.8635
0.8645
0.8675
0.8615
0.8695
0.864
0.865
0.8755
0.863
0.867
0.8615
0.867
0.86
0.862
0.8715
0.8635
0.859
0.8635
0.8635
0.8655
0.8655
0.8705
0.859
0.8675
0.8685
0.8775
0.8615
0.8675
0.865
0.863
0.869
0.8625
0.8565
0.868
0.8605
0.8635
0.86
0.861
0.862
0.8665
0.863
0.8605
0.8675
0.8715
0.864
0.8645
0.873
0.8725
0.864
0.8645
0.868
0.872
0.865
0.868
0.865
0.8605
0.8635
0.8685
0.8605
0.8625
0.857
0.874
0.8565
0.872
0.865
0.863
0.8615
0.8635
0.8615
0.8675
0.86
0.8695
0.858
0.8675
0.8665
0.8625
0.8685
0.8665
0.86
0.8665
0.865
0.866
0.8695
0.8655
0.866
0.856
0.8605
0.8605
0.861
0.8685
0.864
0.86
0.863
0.863
0.8635
0.8665
0.8665
0.86
0.862
0.8625
0.8685
0.854
0.8735
0.867
0.8635
0.8665
0.8595
0.858
0.8625
0.869
0.8665
0.865
0.8615
0.863
0.864
0.8685
0.8655
0.855
0.8605
0.8625
0.9015
0.861
0.8645
0.865
0.8655
0.8705
0.867
0.866
0.8705
0.862
0.862
0.86
0.8695
0.8675
0.8705
0.8665
0.863
0.865
0.867
0.8695
0.8645
0.8605
0.8715
0.862
0.868
0.8735
0.8715
0.86
0.863
0.8725
0.8675
0.8655
0.863
0.86
0.865
0.8625
0.862
0.87
0.8655
0.8615
0.876
0.865
0.86
0.86
0.869
0.866
0.868
0.8635
0.865
0.8645
0.872
0.8685
0.872
0.868
0.869
0.863
0.8695
0.8635
0.8645
0.861
0.8645
0.871
0.8655
0.8635
0.871
0.864
0.8645
0.862
0.8645
0.866
0.863
0.8725
0.862
0.8605
0.8725
0.864
0.859
0.8735
0.867
0.8595
0.863
0.87
0.863
0.87
0.8615
0.8625
0.8655
0.872
0.863
0.865
0.8625
0.876
0.8645
0.8635
0.8645
0.8595
0.87
0.8675
0.8625
0.869
0.866
0.8635
0.872
0.869
0.858
0.871
0.864
0.8755
0.8655
0.8685
0.8635
0.862
0.8695
0.864
0.871
0.8625
0.8605
0.861
0.869
0.8685
0.8705
0.8645
0.8615
0.864
0.8635
0.862
0.866
0.8645
0.8665
0.862
0.8695
0.8655
0.865
0.8675
0.872
0.873
0.856
0.865
0.868
0.8655
0.8675
0.8585
0.8655
0.87
0.8675
0.8695
0.8685
0.868
0.867
0.86
0.8665
0.862
0.8635
0.8655
0.8645
0.857
0.8685
0.863
0.862
0.8675
0.8655
0.863
0.8655
0.866
0.8675
0.8665
0.8585
0.8625
0.867
0.865
0.864
0.867
0.869
0.862
0.862
0.8695
0.863
0.86
0.8655
0.867
0.87
0.86
0.865
0.8705
0.8705
0.865
0.8625
0.8655
0.867
0.8635
0.8635
0.864
0.8605
0.8545
0.868
0.868
0.8675
0.8635
0.863
0.8695
0.8645
0.868
0.8675
0.8695
0.861
0.8615
0.859
0.867
0.8595
0.859
0.865
0.868
0.866
0.872
0.8685
0.868
0.8665
0.8615
0.8635
0.8655
0.8675
0.8545
0.868
0.867
0.8615
0.8595
0.8625
0.8645
0.8645
0.8625
0.8635
0.858
0.87
0.871
0.859
0.861
0.8585
0.8645
0.8645
0.8755
0.8675
0.8655
0.865
0.8685
0.8675
0.8635
0.8535
0.8645
0.8615
0.868
0.8685
0.8595
0.8615
0.881
0.866
0.858
0.867
0.866
0.8605
0.868
0.862
0.869
0.869
0.861
0.865
0.8605
0.8565
0.8585
0.8615
0.8725
0.8655
0.869
0.865
0.869
0.862
0.859
0.868
0.869
0.8625
0.8665
0.8685
0.863
0.8695
0.865
0.8615
0.8605
0.87
0.861
0.8635
0.868
0.855
0.8645
0.863
0.862
0.87
0.866
0.8525
0.869
0.8635
0.8675
0.864
0.862
0.867
0.869
0.8665
0.8685
0.866
0.859
0.864
0.8675
0.863
0.859
0.8645
0.8645
0.863
0.8675
0.8675
0.869
0.8635
0.8655
0.8665
0.866
0.868
0.8595
0.8675
0.859
0.87
0.863
0.8635
0.8655
0.87
0.874
0.8675
0.869
0.865
0.863
0.8595
0.8615
0.8645
0.862
0.866
0.8695
0.8575
0.865
0.878
0.86
0.8585
0.858
0.8695
0.8735
0.864
0.8715
0.867
0.863
0.8695
0.858
0.866
0.8635
0.8595
0.8695
0.8645
0.8605
0.871
0.8675
0.857
0.8635
0.8665
0.864
0.8665
0.869
0.8745
0.865
0.872
0.8605
0.866
0.8665
0.8685
0.8625
0.861
0.8685
0.8625
0.865
0.8675
0.8635
0.864
0.8685
0.87
0.8695
0.864
0.858
0.8655
0.8735
0.8515
0.8605
0.8655
0.868
0.8705
0.8665
0.8635
0.8755
0.8675
0.8635
0.8705
0.8625
0.8645
0.8625
0.859
0.8575
0.8645
0.8685
0.865
0.868
0.8735
0.8645
0.869
0.871
0.8625
0.868
0.8625
0.8745
0.8685
0.866
0.8665
0.8635
0.8675
0.8655
0.869
0.8675
0.857
0.871
0.869
0.8655
0.867
0.8655
0.8645
0.862
0.7945
0.8655
0.861
0.8605
0.8605
0.8665
0.8745
0.867
0.863
0.8685
0.8625
0.863
0.8635
0.8685
0.872
0.868
0.8645
0.8675
0.86
0.8665
0.8695
0.867
0.8565
0.861
0.8695
0.86
0.862
0.866
0.866
0.8635
0.871
0.8605
0.8665
0.8715
0.86
0.866
0.863
0.865
0.867
0.8625
0.8655
0.8695
0.8675
0.859
0.8705
0.8745
0.8655
0.875
0.867
0.8675
0.862
0.8605
0.864
0.8645
0.866
0.869
0.8635
0.8635
0.872
0.8655
0.863
0.866
0.864
0.8645
0.867
0.8675
0.866
0.863
0.866
0.86
0.862
0.8625
0.8675
0.8675
0.8655
0.8655
0.87
0.8665
0.8605
0.861
0.868
0.869
0.8565
0.8625
0.866
0.868
0.865
0.8645
0.8605
0.8735
0.868
0.862
0.876
0.865
0.867
0.868
0.87
0.862
0.871
0.871
0.8705
0.858
0.869
0.874
0.8645
0.865
0.862
0.863
0.862
0.863
0.8615
0.863
0.8575
0.8605
0.866
0.8615
0.8655
0.8705
0.866
0.8665
0.8675
0.8595
0.873
0.8645
0.866
0.8635
0.864
0.862
0.8635
0.8675
0.8595
0.8655
0.869
0.8675
0.866
0.866
0.8635
0.873
0.863
0.8705
0.8515
0.8615
0.867
0.866
0.869
0.868
0.8615
0.8655
0.873
0.8675
0.871
0.864
0.877
0.8705
0.8735
0.867
0.873
0.8715
0.862
0.8725
0.87
0.862
0.8605
0.8595
0.865
0.862
0.8655
0.876
0.8605
0.8675
0.866
0.8675
0.866
0.862
0.8675
0.8615
0.865
0.8765
0.873
0.8635
0.87
0.8635
0.8655
0.866
0.8705
0.868
0.8705
0.8615
0.8705
0.8595
0.867
0.868
0.867
0.861
0.858
0.863
0.869
0.874
0.853
0.8595
0.8655
0.865
0.8655
0.8625
0.8625
0.859
0.8705
0.857
0.8685
0.865
0.864
0.866
0.87
0.876
0.8745
0.8645
0.87
0.866
0.8565
0.8635
0.8595
0.8675
0.872
0.8555
0.8705
0.86
0.8625
0.871
0.8665
0.869
0.858
0.8745
0.863
0.8655
0.865
0.862
0.861
0.868
0.864
0.863
0.87
0.866
0.8645
0.861
0.8635
0.8605
0.871
0.867
0.858
0.869
0.869
0.863
0.8615
0.87
0.871
0.869
0.8625
0.8675
0.8665
0.8655
0.8635
0.8745
0.867
0.8635
0.8665
0.87
0.865
0.863
0.861
0.8665
0.8625
0.8635
0.8705
0.8675
0.8715
0.864
0.869
0.8635
0.8735
0.863
0.864
0.8635
0.872
0.8675
0.8695
0.867
0.8715
0.8695
0.8595
0.8665
0.865
0.8675
0.868
0.8755
0.8635
0.87
0.875
0.859
0.8645
0.871
0.867
0.871
0.8745
0.865
0.873
0.8675
0.8635
0.864
0.865
0.8635
0.867
0.8625
0.866
0.866
0.87
0.8615
0.864
0.8665
0.8735
0.8635
0.865
0.877
0.871
0.8645
0.868
0.8645
0.8725
0.8645
0.8705
0.8705
0.867
0.8625
0.8605
0.8655
0.864
0.874
0.861
0.871
0.865
0.8635
0.87
0.8565
0.8655
0.8625
0.8665
0.8635
0.864
0.873
0.875
0.8665
0.867
0.868
0.8725
0.867
0.865
0.8635
0.8705
0.8625
0.8715
0.8675
0.8645
0.8735
0.8665
0.8675
0.8685
0.859
0.8645
0.8685
0.87
0.8765
0.8605
0.8705
0.8625
0.8685
0.8585
0.8725
0.8715
0.8665
0.874
0.8715
0.867
0.865
0.8645
0.865
0.8705
0.87
0.8695
0.8665
0.8735
0.866
0.8765
0.8665
0.8595
0.8735
0.8615
0.8665
0.8765
0.8705
0.868
0.8615
0.8645
0.864
0.8705
0.8705
0.8685
0.8635
0.859
0.873
0.863
0.8555
0.867
0.87
0.868
0.8585
0.8585
0.8645
0.8585
0.861
0.8705
0.8635
0.8695
0.8625
0.8645
0.8645
0.876
0.8625
0.8615
0.8615
0.8645
0.873
0.869
0.87
0.863
0.871
0.8675
0.867
0.863
0.8705
0.8725
0.8725
0.867
0.8695
0.8665
0.867
0.847
0.8655
0.8665
0.872
0.8705
0.862
0.87
0.8695
0.8695
0.8635
0.8685
0.862
0.866
0.8715
0.8705
0.868
0.8565
0.8665
0.867
0.871
0.865
0.856
0.863
0.868
0.874
0.8705
0.867
0.8625
0.8635
0.8715
0.867
0.871
0.868
0.86
0.875
0.863
0.871
0.8725
0.8725
0.8675
0.8625
0.868
0.865
0.8645
0.8605
0.876
0.869
0.867
0.864
0.8715
0.8665
0.8645
0.8735
0.866
0.8675
0.86
0.8615
0.87
0.8755
0.86
0.867
0.862
0.865
0.8635
0.87
0.8705
0.8655
0.8665
0.8655
0.868
0.8635
0.865
0.868
0.8635
0.869
0.8685
0.872
0.8655
0.874
0.8655
0.8585
0.8685
0.873
0.8705
0.869
0.869
0.866
0.867
0.8555
0.87
0.8805
0.8665
0.869
0.8685
0.866
0.8615
0.8675
0.8635
0.869
0.862
0.863
0.8685
0.8665
0.866
0.866
0.8655
0.875
0.878
0.868
0.8705
0.8685
0.869
0.8695
0.868
0.8725
0.8625
0.862
0.862
0.868
0.863
0.8625
0.8595
0.8625
0.8655
0.878
0.866
0.8615
0.8645
0.871
0.8625
0.864
0.87
0.862
0.866
0.8655
0.8745
0.8665
0.8625
0.8675
0.859
0.8645
0.8675
0.8645
0.8645
0.8715
0.8745
0.867
0.8665
0.8695
0.864
0.869
0.862
0.8615
0.876
0.8725
0.8735
0.8715
0.864
0.865
0.8705
0.863
0.8675
0.8645
0.8655
0.8725
0.8645
0.8675
0.869
0.865
0.877
0.8705
0.8645
0.8705
0.8675
0.864
0.868
0.8675
0.865
0.87
0.875
0.866
0.8775
0.859
0.866
0.8695
0.867
0.866
0.866
0.868
0.862
0.867
0.8735
0.8635
0.862
0.8675
0.867
0.8645
0.866
0.866
0.866
0.866
0.8675
0.866
0.868
0.8725
0.87
0.8695
0.8675
0.86
0.8695
0.864
0.8685
0.867
0.866
0.8615
0.861
0.8655
0.8695
0.8725
0.862
0.866
0.867
0.871
0.872
0.8665
0.8645
0.8695
0.864
0.87
0.872
0.864
0.854
0.8615
0.861
0.869
0.8685
0.8665
0.8695
0.8665
0.8685
0.864
0.861
0.865
0.8765
0.868
0.871
0.8635
0.876
0.8645
0.865
0.863
0.8685
0.865
0.868
0.8685
0.868
0.864
0.8645
0.868
0.874
0.864
0.875
0.868
0.8695
0.8605
0.867
0.87
0.862
0.868
0.8705
0.865
0.861
0.867
0.8695
0.868
0.8695
0.866
0.8705
0.8755
0.865
0.8725
0.8655
0.86
0.87
0.871
0.874
0.868
0.872
0.863
0.861
0.8645
0.878
0.8675
0.8635
0.8645
0.87
0.863
0.868
0.857
0.8655
0.869
0.874
0.8645
0.862
0.8675
0.8695
0.86
0.8725
0.866
0.8665
0.864
0.8735
0.869
0.8665
0.8665
0.865
0.8655
0.87
0.8665
0.869
0.8605
0.867
0.865
0.87
0.8665
0.8685
0.8625
0.8675
0.8635
0.866
0.8575
0.8725
0.8645
0.8715
0.8675
0.8605
0.8625
0.8735
0.861
0.873
0.8735
0.864
0.86
0.865
0.871
0.861
0.866
0.8745
0.864
0.871
0.867
0.864
0.8685
0.8635
0.867
0.8685
0.8625
0.864
0.8695
0.8695
0.865
0.877
0.866
0.864
0.862
0.869
0.869
0.87
0.876
0.8645
0.8615
0.8665
0.8615
0.8675
0.867
0.864
0.8685
0.8765
0.8685
0.864
0.8695
0.8605
0.8635
0.8735
0.8605
0.8715
0.8695
0.8695
0.863
0.866
0.864
0.8655
0.865
0.869
0.863
0.8675
0.866
0.8625
0.8735
0.8725
0.873
0.8715
0.8665
0.8755
0.8735
0.866
0.868
0.8695
0.8675
0.87
0.8635
0.8695
0.8635
0.8655
0.873
0.864
0.8555
0.862
0.8675
0.866
0.881
0.8725
0.8685
0.865
0.8665
0.8685
0.866
0.8685
0.8605
0.8705
0.868
0.867
0.872
0.8645
0.873
0.876
0.873
0.8655
0.864
0.8625
0.869
0.865
0.8685
0.8575
0.8655
0.8705
0.8625
0.867
0.8665
0.8655
0.8745
0.873
0.8695
0.8665
0.865
0.8735
0.874
0.862
0.8655
0.8695
0.868
0.869
0.87
0.8585
0.869
0.873
0.867
0.87
0.8635
0.873
0.8675
0.8665
0.8715
0.869
0.8665
0.8675
0.8655
0.867
0.8725
0.867
0.8635
0.867
0.8595
0.867
0.867
0.871
0.8585
0.866
0.863
0.8755
0.8675
0.869
0.874
0.8625
0.8715
0.8655
0.8675
0.8665
0.875
0.8745
0.871
0.8705
0.8685
0.866
0.875
0.8675
0.8675
0.867
0.875
0.867
0.87
0.8725
0.869
0.87
0.868
0.869
0.8675
0.869
0.8725
0.8755
0.878
0.872
0.863
0.871
0.865
0.8675
0.8665
0.8675
0.8705
0.8635
0.8675
0.868
0.875
0.8635
0.8685
0.871
0.8635
0.8725
0.8685
0.8615
0.866
0.8655
0.8685
0.8665
0.87
0.861
0.8755
0.863
0.8605
0.868
0.869
0.864
0.8605
0.8685
0.864
0.874
0.8605
0.874
0.8665
0.866
0.866
