0.1065
0.143
0.18
0.1985
0.212
0.2275
0.2475
0.254
0.2625
0.2785
0.293
0.3035
0.2985
0.3095
0.3205
0.3275
0.325
0.319
0.3385
0.3395
0.334
0.337
0.3435
0.347
0.3485
0.3445
0.3575
0.3495
0.355
0.3575
0.3595
0.363
0.374
0.3655
0.3735
0.3735
0.3795
0.369
0.377
0.379
0.393
0.388
0.391
0.393
0.391
0.383
0.381
0.386
0.3955
0.387
0.389
0.39
0.4005
0.387
0.39
0.4
0.4005
0.4015
0.4045
0.4025
0.4005
0.4005
0.3965
0.4085
0.4045
0.413
0.415
0.4155
0.4125
0.4205
0.412
0.4195
0.4195
0.418
0.42
0.423
0.4155
0.4245
0.4265
0.4185
0.4235
0.425
0.4265
0.421
0.4335
0.4255
0.426
0.423
0.435
0.4235
0.4265
0.4295
0.4305
0.433
0.4325
0.4365
0.434
0.429
0.4335
0.4335
0.4415
0.431
0.44
0.4355
0.4325
0.4435
0.446
0.4415
0.4335
0.4445
0.441
0.4405
0.452
0.439
0.4415
0.4545
0.447
0.4575
0.451
0.449
0.4415
0.4545
0.458
0.4625
0.464
0.457
0.46
0.461
0.472
0.46
0.457
0.468
0.467
0.4715
0.4705
0.473
0.4815
0.4805
0.4795
0.478
0.481
0.4745
0.4845
0.4835
0.477
0.4825
0.479
0.4825
0.482
0.468
0.4825
0.488
0.483
0.4845
0.4865
0.4875
0.4905
0.483
0.4855
0.486
0.4825
0.4825
0.4825
0.49
0.491
0.4895
0.4955
0.492
0.5
0.4975
0.5035
0.4915
0.4955
0.4945
0.49
0.496
0.5045
0.499
0.491
0.5005
0.5015
0.484
0.502
0.4915
0.4975
0.4915
0.5055
0.5025
0.499
0.4985
0.502
0.504
0.517
0.5125
0.511
0.506
0.5125
0.5185
0.5015
0.5055
0.5245
0.511
0.514
0.509
0.5135
0.516
0.5135
0.5175
0.5225
0.5195
0.5245
0.5225
0.518
0.529
0.529
0.521
0.526
0.5255
0.525
0.5305
0.5245
0.53
0.519
0.521
0.5175
0.524
0.528
0.5295
0.529
0.5295
0.5315
0.5355
0.5365
0.533
0.5275
0.532
0.5345
0.5385
0.544
0.532
0.5375
0.5265
0.5365
0.53
0.538
0.537
0.527
0.533
0.5285
0.5375
0.5375
0.54
0.5315
0.541
0.5355
0.54
0.541
0.5395
0.549
0.5425
0.545
0.546
0.544
0.5495
0.549
0.5495
0.5475
0.556
0.546
0.5535
0.5435
0.548
0.5495
0.5605
0.549
0.5465
0.5565
0.545
0.5465
0.5495
0.5505
0.5555
0.554
0.55
0.553
0.547
0.556
0.555
0.559
0.566
0.557
0.557
0.559
0.5595
0.561
0.565
0.5735
0.563
0.5665
0.564
0.5655
0.575
0.569
0.571
0.5745
0.5705
0.566
0.5665
0.565
0.5705
0.566
0.566
0.5765
0.5695
0.5735
0.571
0.576
0.5615
0.5755
0.5765
0.5685
0.5715
0.5825
0.582
0.588
0.5735
0.58
0.584
0.576
0.589
0.583
0.58
0.5855
0.589
0.586
0.5885
0.584
0.589
0.582
0.587
0.589
0.5885
0.5855
0.584
0.5925
0.592
0.5825
0.593
0.594
0.5935
0.588
0.5855
0.591
0.59
0.598
0.5895
0.594
0.595
0.589
0.5915
0.593
0.5925
0.5945
0.5925
0.5965
0.6005
0.597
0.6
0.6005
0.595
0.592
0.599
0.5945
0.599
0.6015
0.596
0.6045
0.5955
0.6065
0.6
0.604
0.6065
0.6065
0.605
0.6055
0.5945
0.6105
0.6045
0.601
0.612
0.6025
0.613
0.6025
0.615
0.607
0.607
0.601
0.612
0.609
0.6075
0.6135
0.6125
0.612
0.6135
0.6225
0.618
0.617
0.617
0.603
0.614
0.6165
0.6175
0.623
0.6255
0.6155
0.624
0.614
0.619
0.622
0.626
0.626
0.6235
0.6215
0.6175
0.631
0.631
0.618
0.631
0.6205
0.627
0.629
0.6265
0.626
0.6205
0.6255
0.6215
0.6315
0.6205
0.634
0.6275
0.6325
0.6385
0.635
0.632
0.6375
0.641
0.639
0.636
0.633
0.63
0.637
0.6285
0.634
0.6345
0.6285
0.6445
0.646
0.6425
0.646
0.641
0.6405
0.632
0.6395
0.633
0.637
0.6445
0.645
0.643
0.6345
0.6375
0.6365
0.6345
0.641
0.637
0.649
0.645
0.657
0.6405
0.637
0.6565
0.647
0.6485
0.655
0.649
0.65
0.6495
0.637
0.653
0.6495
0.655
0.6555
0.661
0.648
0.653
0.6505
0.6595
0.6575
0.653
0.6515
0.653
0.6645
0.657
0.657
0.662
0.6675
0.6555
0.6555
0.661
0.6575
0.659
0.6675
0.6525
0.6595
0.658
0.6545
0.6555
0.662
0.663
0.6645
0.6585
0.669
0.6605
0.6565
0.6695
0.6585
0.6685
0.664
0.669
0.668
0.669
0.668
0.668
0.673
0.676
0.669
0.6705
0.6725
0.675
0.6635
0.665
0.6665
0.676
0.6725
0.675
0.662
0.68
0.679
0.681
0.6685
0.6775
0.6795
0.6765
0.669
0.678
0.684
0.6755
0.681
0.678
0.6835
0.688
0.684
0.6735
0.687
0.6825
0.688
0.6865
0.6805
0.689
0.6905
0.6795
0.686
0.693
0.6825
0.691
0.686
0.6815
0.6895
0.6945
0.693
0.6915
0.686
0.6815
0.688
0.681
0.681
0.686
0.691
0.6875
0.6915
0.6845
0.6855
0.698
0.687
0.693
0.6995
0.6905
0.6905
0.6825
0.6935
0.6945
0.6965
0.708
0.7035
0.695
0.705
0.697
0.692
0.7005
0.6945
0.698
0.699
0.705
0.706
0.6945
0.705
0.6945
0.7005
0.693
0.7045
0.697
0.6995
0.6995
0.697
0.6895
0.6885
0.7
0.694
0.7015
0.706
0.705
0.691
0.707
0.7035
0.702
0.6965
0.702
0.6945
0.6975
0.6995
0.6955
0.7035
0.7045
0.7
0.7095
0.6975
0.705
0.6985
0.703
0.703
0.7025
0.7005
0.6985
0.6985
0.706
0.6985
0.7075
0.6995
0.696
0.704
0.6995
0.701
0.7005
0.698
0.708
0.698
0.709
0.7035
0.7
0.704
0.7095
0.712
0.705
0.706
0.702
0.702
0.707
0.7105
0.7165
0.7145
0.716
0.708
0.71
0.706
0.7
0.71
0.7185
0.7125
0.72
0.716
0.7205
0.7165
0.709
0.716
0.7315
0.7225
0.718
0.7235
0.716
0.7215
0.716
0.7195
0.72
0.7155
0.7225
0.7125
0.722
0.715
0.7155
0.713
0.709
0.723
0.7155
0.732
0.718
0.715
0.7155
0.723
0.721
0.7215
0.716
0.7245
0.725
0.7275
0.7185
0.722
0.7195
0.721
0.719
0.728
0.727
0.724
0.722
0.7295
0.725
0.7245
0.7295
0.725
0.719
0.716
0.723
0.7225
0.7215
0.729
0.724
0.7215
0.7225
0.72
0.7215
0.7165
0.7205
0.7195
0.726
0.7225
0.719
0.719
0.72
0.723
0.7215
0.7165
0.722
0.7305
0.72
0.72
0.7275
0.723
0.7245
0.725
0.7205
0.7245
0.7155
0.718
0.7285
0.723
0.717
0.7155
0.7135
0.715
0.7245
0.7155
0.722
0.717
0.714
0.7235
0.7205
0.7165
0.711
0.713
0.7105
0.7255
0.7225
0.7115
0.7265
0.703
0.7265
0.7185
0.722
0.7155
0.7135
0.7245
0.7205
0.72
0.7125
0.7155
0.7075
0.714
0.7155
0.7185
0.7085
0.715
0.7145
0.718
0.712
0.7065
0.7175
0.7205
0.712
0.719
0.7205
0.7185
0.717
0.718
0.725
0.726
0.7105
0.718
0.724
0.722
0.73
0.7225
0.725
0.7135
0.7215
0.7345
0.7145
0.727
0.732
0.729
0.7325
0.731
0.7305
0.7215
0.7255
0.723
0.7325
0.7395
0.732
0.748
0.733
0.739
0.7345
0.7275
0.7365
0.7275
0.7285
0.732
0.727
0.733
0.7205
0.7375
0.726
0.733
0.7245
0.7355
0.7285
0.7245
0.732
0.723
0.7235
0.7265
0.723
0.7315
0.7335
0.7335
0.742
0.7395
0.726
0.7385
0.737
0.7375
0.7425
0.737
0.7325
0.7465
0.728
0.7345
0.734
0.739
0.74
0.7325
0.7425
0.7425
0.732
0.7345
0.732
0.738
0.733
0.7315
0.734
0.736
0.7325
0.73
0.738
0.74
0.735
0.7505
0.737
0.74
0.751
0.7435
0.733
0.7355
0.744
0.7345
0.7365
0.7335
0.7325
0.731
0.7365
0.73
0.7435
0.729
0.735
0.7415
0.741
0.73
0.7255
0.739
0.7395
0.733
0.7385
0.7415
0.7395
0.7375
0.737
0.738
0.737
0.738
0.734
0.735
0.7375
0.733
0.7395
0.7385
0.743
0.747
0.744
0.7405
0.745
0.7455
0.7445
0.738
0.736
0.738
0.7365
0.7355
0.7335
0.744
0.7315
0.7385
0.7415
0.7325
0.73
0.746
0.734
0.731
0.742
0.727
0.736
0.745
0.733
0.726
0.744
0.7455
0.741
0.736
0.7415
0.7395
0.7475
0.747
0.744
0.75
0.738
0.753
0.7355
0.7405
0.737
0.74
0.7315
0.7405
0.7585
0.745
0.745
0.7325
0.743
0.739
0.731
0.7355
0.747
0.736
0.742
0.7355
0.7455
0.7335
0.7375
0.746
0.73
0.7345
0.755
0.7405
0.7355
0.7355
0.737
0.744
0.735
0.7405
0.7385
0.748
0.736
0.7415
0.7405
0.7385
0.7355
0.735
0.743
0.7445
0.745
0.7395
0.7405
0.746
0.743
0.747
0.7535
0.7485
0.7375
0.7395
0.738
0.745
0.742
0.7435
0.736
0.7435
0.746
0.738
0.7385
0.7435
0.75
0.745
0.751
0.7375
0.75
0.746
0.75
0.7505
0.6795
0.746
0.7545
0.7565
0.7485
0.7535
0.7505
0.748
0.7505
0.756
0.7515
0.754
0.745
0.7505
0.7515
0.761
0.7445
0.752
0.7455
0.753
0.7565
0.7445
0.751
0.751
0.7585
0.754
0.7495
0.764
0.761
0.7545
0.754
0.7495
0.7515
0.7595
0.749
0.749
0.748
0.7505
0.752
0.7455
0.7505
0.75
0.737
0.7515
0.7545
0.75
0.748
0.749
0.747
0.747
0.7505
0.755
0.745
0.752
0.752
0.7515
0.758
0.7545
0.751
0.7585
0.7455
0.747
0.748
0.74
0.754
0.727
0.747
0.74
0.742
0.7465
0.747
0.7535
0.7505
0.7615
0.7565
0.755
0.7535
0.757
0.7495
0.758
0.751
0.755
0.7565
0.7515
0.7515
0.741
0.752
0.749
0.7495
0.74
0.7515
0.7475
0.7545
0.758
0.754
0.7515
0.7525
0.7425
0.7545
0.744
0.75
0.7545
0.7535
0.7415
0.745
0.752
0.752
0.755
0.746
0.757
0.754
0.739
0.758
0.76
0.7535
0.7515
0.745
0.745
0.7575
0.753
0.7545
0.7505
0.749
0.7545
0.7545
0.7635
0.756
0.75
0.7575
0.7515
0.7605
0.7595
0.762
0.7515
0.766
0.761
0.75
0.7585
0.7605
0.7465
0.7515
0.7575
0.747
0.753
0.754
0.758
0.7605
0.752
0.7555
0.757
0.766
0.7565
0.7575
0.756
0.763
0.759
0.757
0.758
0.7575
0.756
0.7535
0.7525
0.7525
0.7515
0.757
0.747
0.7495
0.76
0.7615
0.769
0.7615
0.7705
0.7605
0.7495
0.762
0.76
0.7555
0.756
0.76
0.749
0.7575
0.7545
0.7565
0.7555
0.7635
0.7545
0.758
0.7565
0.7735
0.759
0.7565
0.7635
0.763
0.7595
0.756
0.7525
0.758
0.752
0.7485
0.7485
0.7485
0.7485
0.7565
0.747
0.757
0.749
0.7545
0.7545
0.759
0.755
0.767
0.7565
0.757
0.7585
0.7535
0.7615
0.7595
0.762
0.7655
0.757
0.7535
0.762
0.758
0.7585
0.7535
0.758
0.7515
0.754
0.757
0.754
0.758
0.753
0.7565
0.749
0.759
0.764
0.759
0.7515
0.749
0.747
0.7595
0.7465
0.757
0.755
0.7615
0.758
0.7535
0.7665
0.755
0.751
0.761
0.754
0.767
0.762
0.762
0.7605
0.763
0.755
0.7575
0.761
0.7635
0.756
0.765
0.762
0.759
0.7605
0.768
0.7645
0.765
0.7645
0.757
0.7635
0.7705
0.77
0.776
0.765
0.771
0.763
0.7615
0.7615
0.773
0.7675
0.7595
0.7645
0.7655
0.7685
0.7635
0.7735
0.7605
0.759
0.755
0.7665
0.7635
0.7615
0.7595
0.7735
0.753
0.7595
0.773
0.77
0.7635
0.763
0.766
0.766
0.762
0.776
0.7665
0.7585
0.772
0.766
0.7635
0.757
0.7645
0.7595
0.76
0.76
0.762
0.7625
0.7655
0.757
0.7615
0.766
0.77
0.773
0.776
0.772
0.7665
0.774
0.7605
0.7715
0.7595
0.7675
0.7685
0.765
0.7675
0.7585
0.7575
0.7625
0.7645
0.7695
0.7675
0.7695
0.777
0.7605
0.7755
0.7695
0.768
0.7685
0.7705
0.7685
0.773
0.7675
0.7615
0.772
0.7665
0.7665
0.77
0.77
0.764
0.7615
0.767
0.7675
0.77
0.763
0.766
0.768
0.7645
0.7675
0.765
0.772
0.7645
0.772
0.771
0.7645
0.7715
0.76
0.7575
0.7675
0.7665
0.7615
0.7635
0.768
0.766
0.777
0.769
0.776
0.772
0.775
0.7695
0.7655
0.7665
0.769
0.7705
0.7735
0.7625
0.77
0.758
0.771
0.77
0.7545
0.766
0.774
0.759
0.7615
0.754
0.762
0.77
0.762
0.7635
0.7695
0.7615
0.758
0.758
0.7695
0.7735
0.771
0.7605
0.771
0.7655
0.7735
0.757
0.7555
0.755
0.755
0.756
0.7655
0.7565
0.757
0.762
0.764
0.7725
0.771
0.762
0.756
0.77
0.7595
0.764
0.766
0.7575
0.755
0.757
0.76
0.76
0.7535
0.763
0.7665
0.7655
0.7605
0.7545
0.7605
0.7545
0.7625
0.7525
0.759
0.7565
0.756
0.7605
0.7555
0.7495
0.749
0.755
0.751
0.763
0.7535
0.762
0.7575
0.7585
0.764
0.7505
0.76
0.7615
0.763
0.754
0.762
0.763
0.754
0.753
0.7625
0.771
0.757
0.766
0.764
0.758
0.7675
0.7565
0.7605
0.76
0.7615
0.7665
0.7565
0.7545
0.7505
0.7595
0.7565
0.7645
0.7575
0.7665
0.77
0.769
0.7665
0.759
0.763
0.762
0.7515
0.754
0.767
0.7715
0.765
0.7705
0.765
0.758
0.7765
0.7625
0.768
0.7575
0.7695
0.7795
0.7705
0.7735
0.775
0.7655
0.7655
0.7685
0.753
0.763
0.7725
0.759
0.7625
0.7635
0.765
0.769
0.7705
0.7705
0.7675
0.769
0.768
0.7625
0.762
0.7595
0.753
0.757
0.762
0.7635
0.7595
0.758
0.7585
0.763
0.7575
0.768
0.755
0.7495
0.7555
0.7605
0.7555
0.76
0.766
0.7595
0.7645
0.757
0.76
0.765
0.754
0.7545
0.748
0.759
0.759
0.752
0.749
0.7505
0.753
0.751
0.7535
0.7525
0.7635
0.7545
0.764
0.756
0.757
0.7555
0.759
0.7645
0.755
0.7615
0.76
0.755
0.7645
0.747
0.7495
0.7555
0.754
0.7635
0.763
0.751
0.7665
0.7525
0.768
0.7605
0.763
0.7595
0.755
0.7675
0.7585
0.7535
0.7545
0.7695
0.755
0.7655
0.767
0.7665
0.7605
0.765
0.755
0.7605
0.7625
0.7675
0.7665
0.7575
0.758
0.758
0.755
0.7535
0.7645
0.753
0.7645
0.761
0.768
0.763
0.754
0.759
0.7555
0.7515
0.76
0.7625
0.756
0.757
0.759
0.755
0.7525
0.753
0.7595
0.755
0.757
0.757
0.753
0.7595
0.7585
0.747
0.761
0.7585
0.751
0.759
0.757
0.7455
0.7485
0.754
0.7565
0.762
0.7585
0.754
0.759
0.7555
0.752
0.761
0.7625
0.755
0.7635
0.756
0.7575
0.76
0.7605
0.764
0.7665
0.7665
0.7535
0.7595
0.7675
0.76
0.7615
0.759
0.7535
0.768
0.7555
0.7525
0.756
0.757
0.758
0.77
0.7625
0.7615
0.7725
0.76
0.7585
0.75
0.754
0.754
0.7535
0.7505
0.755
0.7465
0.753
0.7535
0.7485
0.757
0.749
0.7515
0.758
0.754
0.7515
0.744
0.7545
0.762
0.753
0.7525
0.7515
0.7455
0.7565
0.751
0.7495
0.75
0.756
0.747
0.758
0.7595
0.7515
0.7545
0.749
0.751
0.749
0.752
0.751
0.756
0.758
0.75
0.7585
0.7555
0.757
0.7535
0.757
0.744
0.749
0.7625
0.753
0.755
0.7535
0.7645
0.7535
0.752
0.7645
0.7575
0.7495
0.7525
0.745
0.7575
0.751
0.7575
0.752
0.752
0.745
0.752
0.747
0.762
0.7555
0.751
0.7605
0.7495
0.7535
0.751
0.7435
0.751
0.7515
0.749
0.7355
0.7515
0.7545
0.746
0.7545
0.752
0.754
0.746
0.7515
0.74
0.756
0.754
0.753
0.7535
0.7565
0.759
0.754
0.7555
0.738
0.742
0.745
0.748
0.744
0.7475
0.743
0.7535
0.753
0.753
0.758
0.751
0.756
0.753
0.75
0.7555
0.7625
0.7605
0.7445
0.7635
0.7555
0.759
0.7595
0.7685
0.76
0.7605
0.7545
0.762
0.761
0.7575
0.7595
0.7585
0.7575
0.759
0.7605
0.756
0.761
0.755
0.74
0.756
0.752
0.7565
0.759
0.752
0.7595
0.761
0.753
0.7595
0.7655
0.766
0.76
0.763
0.765
0.7625
0.764
0.761
0.7565
0.77
0.7665
0.758
0.769
0.7745
0.7645
0.7595
0.759
0.7595
0.755
0.768
0.765
0.766
0.7715
0.7655
0.7695
0.7625
0.7575
0.7685
0.76
0.745
0.7645
0.7685
0.7665
0.7615
0.757
0.7535
0.7635
0.7555
0.756
0.761
0.76
0.762
0.7565
0.754
0.7545
0.749
0.7555
0.755
0.76
0.7525
0.759
0.745
0.7535
0.7515
0.761
0.753
0.7635
0.77
0.755
0.7555
0.7595
0.774
0.757
0.7595
0.7685
0.768
0.76
0.767
0.768
0.7675
0.7585
0.759
0.763
0.764
0.765
0.769
0.76
0.772
0.764
0.7615
0.768
0.752
0.7605
0.771
0.773
0.767
0.769
0.7585
0.7755
0.7665
0.766
0.7725
0.771
0.766
0.7585
0.7675
0.7605
0.7615
0.7685
0.761
0.765
0.764
0.7605
0.775
0.767
0.7765
0.773
0.765
0.767
0.766
0.764
0.768
0.7685
0.774
0.7655
0.768
0.7645
0.774
0.7695
0.7665
0.77
0.7705
0.7695
0.7655
0.7545
0.768
0.7675
0.7685
0.7635
0.767
0.752
0.773
0.755
0.7665
0.7615
0.7645
0.7635
0.762
0.7555
0.757
0.7585
0.7555
0.749
0.7555
0.758
0.7595
0.7695
0.769
0.768
0.7655
0.768
0.7615
0.7645
0.766
0.763
0.764
0.766
0.77
0.769
0.7665
0.7745
0.7625
0.7705
0.7635
0.7715
0.772
0.766
0.7635
0.7735
0.765
0.776
0.764
0.7705
0.7805
0.7775
0.7675
0.773
0.7745
0.7735
0.773
0.774
0.7825
0.7715
0.775
0.7685
0.765
0.783
0.7735
0.771
0.7715
0.7715
0.769
0.7855
0.7805
0.774
0.778
0.773
0.7775
0.7725
0.7685
0.773
0.774
0.7745
0.7745
0.771
0.766
0.767
0.7695
0.7695
0.768
0.77
0.7665
0.7645
0.768
0.766
0.774
0.771
0.761
0.7745
0.765
0.7725
0.769
0.766
0.7975
0.771
0.7635
0.765
0.7655
0.7605
0.7645
0.764
0.768
0.768
0.757
0.766
0.7765
0.763
0.7615
0.7765
0.7735
0.77
0.776
0.7725
0.7685
0.7685
0.7725
0.769
0.7695
0.7605
0.7605
0.761
0.784
0.7735
0.774
0.763
0.763
0.765
0.7655
0.7645
0.7625
0.7635
0.764
0.7635
0.759
0.764
0.7635
0.7695
0.7665
0.77
0.775
0.7715
0.766
0.7715
0.761
0.764
0.765
0.766
0.7575
0.768
0.75
0.76
0.762
0.758
0.7575
0.744
0.758
0.768
0.755
0.769
0.7595
0.766
0.758
0.7685
0.77
0.76
0.77
0.759
0.76
0.767
0.776
0.757
0.764
0.7595
0.7645
0.7615
0.7645
0.762
0.7645
0.7575
0.7655
0.7605
0.769
0.759
0.7655
0.7585
0.7635
0.769
0.7605
0.7525
0.76
0.769
0.7615
0.775
0.762
0.768
0.769
0.768
0.767
0.7625
0.7665
0.7625
0.768
0.758
0.7755
0.7745
0.758
0.7715
0.7645
0.7625
0.771
0.763
0.7715
0.7685
0.765
0.77
0.768
0.77
0.7665
0.7615
0.7565
0.7645
0.769
0.7675
0.7655
0.7665
0.765
0.7675
0.771
0.7605
0.776
0.774
0.772
0.7715
0.768
0.775
0.7745
0.772
0.771
0.7615
0.772
0.771
0.771
0.771
0.768
0.758
0.7635
0.7665
0.773
0.7715
0.7695
0.767
0.7705
0.7645
0.7685
0.7655
0.7715
0.769
0.7725
0.767
0.769
0.77
0.7685
0.7725
0.764
0.7665
0.762
0.7625
0.7615
0.769
0.7715
0.7575
0.7635
0.7645
0.766
0.757
0.764
0.767
0.7605
0.763
0.768
0.767
0.767
0.763
0.773
0.7715
0.7705
0.7645
0.7735
0.759
0.7625
0.767
0.7685
0.771
0.7665
0.768
0.763
0.763
0.7665
0.7645
0.7705
0.7715
0.7745
0.7615
0.769
0.7655
0.762
0.7725
0.7825
0.7835
0.7705
0.7765
0.7765
0.782
0.784
0.776
0.782
0.7785
0.779
0.7805
0.782
0.77
0.771
0.7795
0.775
0.773
0.7775
0.7725
0.775
0.7665
0.778
0.779
0.779
0.7825
0.7785
0.7825
0.778
0.7715
0.776
0.7755
0.777
0.777
0.781
0.7775
0.7785
0.7775
0.775
0.775
0.7845
0.7745
0.772
0.7745
0.776
0.7915
0.7735
0.766
0.777
0.778
0.781
0.7745
0.779
0.779
0.7695
0.7735
0.775
0.768
0.7795
0.781
0.7775
0.7785
0.776
0.773
0.7735
0.775
0.7765
0.773
0.767
0.7675
0.775
0.773
0.7665
0.781
0.773
0.7745
0.77
0.7715
0.7725
0.7665
0.7725
0.775
0.7675
0.7685
0.765
0.761
0.767
0.764
0.769
0.7645
0.77
0.761
0.766
0.7775
0.771
0.771
0.7825
0.7735
0.768
0.7715
0.774
0.7675
0.7755
0.7685
0.7735
0.766
0.7735
0.7695
0.7645
0.765
0.7655
0.769
0.764
0.7645
0.762
0.7665
0.7745
0.7625
0.767
0.768
0.7655
0.7645
0.775
0.7705
0.765
0.7695
0.7625
0.7725
0.7645
0.755
0.764
0.7585
0.7585
0.766
0.758
0.758
0.7715
0.764
0.7735
0.764
0.772
0.766
0.7665
0.771
0.762
0.773
0.768
0.769
0.7595
0.754
0.7795
0.7715
0.7635
0.766
0.7705
0.769
0.7665
0.766
0.778
0.772
0.761
0.766
0.7625
0.7655
0.7615
0.7655
0.7755
0.7675
0.7595
0.7615
0.7635
0.764
0.76
0.7595
0.761
0.7665
0.762
0.753
0.7595
0.755
0.757
0.755
0.7575
0.755
0.771
0.7585
0.767
0.766
0.756
0.763
0.752
0.7665
0.7635
0.755
0.761
0.758
0.758
0.7595
0.7535
0.7625
0.7635
0.76
0.7405
0.772
0.7645
0.762
0.77
0.7525
0.7605
0.773
0.7585
0.762
0.764
0.7645
0.759
0.767
0.771
0.768
0.7615
0.762
0.7635
0.7635
0.7615
0.766
0.7585
0.767
0.76
0.7575
0.7735
0.765
0.7635
0.7705
0.762
0.7635
0.7595
0.7675
0.759
0.761
0.7575
0.759
0.761
0.7675
0.78
0.776
0.7705
0.775
0.775
0.7755
0.7735
0.7765
0.7775
0.7645
0.772
0.771
0.7745
0.7825
0.781
0.767
0.773
0.777
0.76
0.7745
0.7795
0.779
0.7715
0.7775
0.764
0.7685
0.775
0.7625
0.7695
0.7715
0.7805
0.7735
0.777
0.765
0.775
0.7795
0.775
0.767
0.779
0.7725
0.771
0.7755
0.77
0.7705
0.769
0.7625
0.7605
0.7635
0.77
0.765
0.7725
0.7665
0.777
0.7735
0.775
0.7805
0.7745
0.7705
0.7725
0.7605
0.7645
0.778
0.7615
0.7645
0.761
0.7635
0.7615
0.767
0.7705
0.7675
0.7775
0.773
0.7615
0.7565
0.7675
0.766
0.7655
0.7685
0.772
0.7735
0.764
0.763
0.773
0.772
0.7655
0.7665
0.772
0.762
0.7655
0.7675
0.769
0.762
0.7665
0.765
0.765
0.768
0.7695
0.7735
0.77
0.77
0.768
0.765
0.7635
0.7675
0.7635
0.768
0.762
0.7695
0.764
0.7685
0.7695
0.763
0.7675
0.767
0.7715
0.764
0.7625
0.772
0.775
0.771
0.773
0.765
0.761
0.7675
0.7585
0.761
0.761
0.7615
0.7595
0.764
0.767
0.7595
0.7585
0.7635
0.7625
0.761
0.7555
0.762
0.7615
0.7545
0.7505
0.7535
0.7525
0.7575
0.765
0.752
0.763
0.753
0.7645
0.757
0.759
0.7645
0.76
0.7555
0.765
0.7625
0.7565
0.76
0.7565
0.749
0.754
0.7525
0.7515
0.7495
0.746
0.753
0.766
0.7455
0.759
0.7505
0.7565
0.7555
0.7595
0.7605
0.754
0.757
0.765
0.753
0.761
0.7605
0.7535
0.767
0.7615
0.7605
0.7575
0.7595
0.7695
0.765
0.7585
0.7605
0.756
0.768
0.76
0.7615
0.7655
0.759
0.767
0.764
0.7605
0.765
0.7765
0.763
0.77
0.765
0.7715
0.766
0.7735
0.7795
0.761
0.7565
0.766
0.7655
0.76
0.7745
0.769
0.7705
0.7615
0.772
0.774
0.768
0.7755
0.7715
0.767
0.7625
0.7655
0.755
0.7615
0.769
0.7705
0.753
0.7585
0.758
0.769
0.759
0.765
0.7635
0.7645
0.7675
0.7585
0.762
0.766
0.768
0.764
0.773
0.767
0.754
0.757
0.7705
0.7655
0.761
0.7665
0.7505
0.752
0.7715
0.756
0.765
0.763
0.7575
0.7635
0.7595
0.7565
0.7575
0.7515
0.7615
0.76
0.76
0.76
0.762
0.7705
0.7655
0.762
0.759
0.7605
0.7615
0.751
0.75
0.755
0.7575
0.761
0.77
0.77
0.765
0.7635
0.7655
0.76
0.7675
0.7585
0.768
0.7615
0.765
0.7565
0.7675
0.7645
0.7685
0.7695
0.764
0.773
0.7735
0.764
0.7685
0.7645
0.759
0.768
0.768
0.7765
0.7625
0.7685
0.771
0.7715
0.764
0.7665
0.7625
0.767
0.7645
0.7605
0.768
0.762
0.762
0.762
0.766
0.7565
0.763
0.763
0.756
0.77
0.767
0.766
0.7565
0.7565
0.7595
0.7605
0.758
0.7635
0.7625
0.7585
0.7765
0.767
0.765
0.767
0.7625
0.763
0.7545
0.765
0.76
0.763
0.7635
0.755
0.756
0.764
0.769
0.77
0.7695
0.7705
0.7695
0.76
0.76
0.77
0.766
0.767
0.7695
0.7665
0.7545
0.7565
0.7665
0.764
0.7765
0.772
0.7775
0.761
0.775
0.761
0.7675
0.77
0.7715
0.762
0.777
0.7735
0.7725
0.775
0.769
0.773
0.768
0.7725
0.763
0.7605
0.77
0.768
0.7725
0.7745
0.7735
0.7705
0.7725
0.7695
0.78
0.7805
0.7775
0.7715
0.7635
0.779
0.7665
0.7675
0.769
0.7705
0.769
0.7785
0.776
0.7745
0.7655
0.763
0.7765
0.771
0.776
0.7665
0.774
0.7685
0.758
0.7775
0.7725
0.7725
0.7685
0.7685
0.7705
0.774
0.7665
0.7575
0.7685
0.772
0.77
0.768
0.76
0.7645
0.7735
0.7735
0.766
0.761
0.7625
0.7735
0.7725
0.7685
0.764
0.7705
0.767
0.7665
0.769
0.771
0.768
0.769
0.765
0.764
0.7605
0.769
0.77
0.7725
0.7615
0.767
0.771
0.757
0.755
0.7665
0.773
0.7695
0.756
0.7745
0.7715
0.7605
0.767
0.7705
0.7665
0.7695
0.763
0.767
0.749
0.767
0.7585
0.7625
0.765
0.753
0.759
0.7695
0.7625
0.766
0.7625
0.762
0.7545
0.7705
0.765
0.764
0.7615
0.7565
0.7755
0.7635
0.7645
0.7645
0.7635
0.759
0.76
0.76
0.769
0.7595
0.758
0.758
0.7575
0.7565
0.755
0.757
0.7615
0.7655
0.761
0.7685
0.754
0.763
0.7675
0.7655
0.767
0.77
0.7605
0.7715
0.7745
0.757
0.77
0.766
0.769
0.763
0.7715
0.7645
0.7665
0.7735
0.761
0.7675
0.7705
0.771
0.764
0.764
0.7565
0.766
0.76
0.756
0.7655
0.7605
0.768
0.624
0.763
0.761
0.768
0.776
0.7585
0.7605
0.765
0.761
0.758
0.764
0.762
0.7765
0.7625
0.764
0.7685
0.7625
0.7565
0.7805
0.765
0.7685
0.772
0.7735
0.7645
0.7645
0.7695
0.7675
0.7705
0.7675
0.767
0.771
0.7695
0.7735
0.784
0.7685
0.7625
0.7665
0.7665
0.7665
0.761
0.773
0.762
0.7675
0.7745
0.763
0.7805
0.772
0.768
0.769
0.7655
0.7695
0.771
0.7765
0.7715
0.768
0.767
0.761
0.7655
0.7665
0.761
0.7605
0.759
0.756
0.766
0.763
0.761
0.76
0.764
0.7575
0.768
0.761
0.7595
0.767
0.763
0.7585
0.759
0.76
0.756
0.7575
0.7615
0.761
0.7585
0.7555
0.759
0.767
0.756
0.7595
0.751
0.7675
0.763
0.763
0.754
0.7615
0.757
0.7615
0.761
0.7565
0.7555
0.7635
0.756
0.758
0.746
0.765
0.766
0.754
0.7565
0.7745
0.7615
0.766
0.756
0.7645
0.7565
0.758
0.765
0.7575
0.76
0.768
0.77
0.7615
0.765
0.7615
0.7735
0.7745
0.7685
0.758
0.764
0.7625
0.7655
0.762
0.7555
0.765
0.767
0.769
0.7745
0.772
0.77
0.778
0.7785
0.769
0.7745
0.78
0.7735
0.7655
0.773
0.777
0.774
0.778
0.7665
0.777
0.7725
0.7785
0.768
0.772
0.7735
0.774
0.775
0.769
0.7725
0.77
0.766
0.7745
0.7695
0.762
0.7715
0.7635
0.7685
0.7645
0.7585
0.77
0.7635
0.763
0.772
0.7645
0.764
0.76
0.7585
0.767
0.7585
0.7615
0.7645
0.753
0.765
0.764
0.774
0.7625
0.7525
0.759
0.7655
0.7675
0.761
0.7605
0.752
0.768
0.761
0.7645
0.7485
0.761
0.7565
0.76
0.753
0.772
0.756
0.7635
0.763
0.7625
0.77
0.7645
0.7585
0.7635
0.775
0.7655
0.7655
0.766
0.7695
0.767
0.7615
0.763
0.7685
0.7655
0.761
0.761
0.76
0.765
0.7735
0.766
0.766
0.7725
0.7575
0.768
0.772
0.764
0.772
0.773
0.7685
0.7585
0.7715
0.772
0.7765
0.7675
0.7665
0.772
0.762
0.7665
0.7595
0.774
0.755
0.7605
0.7625
0.7635
0.7655
0.765
0.766
0.7725
0.7795
0.7825
0.7635
0.7625
0.7795
0.7695
0.771
0.7655
0.762
0.7695
0.771
0.772
0.7685
0.765
0.7655
0.763
0.772
0.7615
0.7685
0.7695
0.767
0.7635
0.762
0.7625
0.7595
0.761
0.7625
0.7665
0.751
0.763
0.7645
0.7665
0.77
0.7725
0.7745
0.766
0.768
0.7565
0.76
0.766
0.771
0.7665
0.7675
0.766
0.7645
0.7615
0.766
0.7615
0.763
0.7705
0.757
0.7575
0.763
0.76
0.763
0.7665
0.761
0.7715
0.7625
0.756
0.7675
0.748
0.7655
0.7565
0.761
0.759
0.757
0.763
0.7635
0.7575
0.7575
0.754
0.749
0.7585
0.7575
0.76
0.7615
0.751
0.758
0.768
0.7605
0.772
0.7645
0.763
0.7605
0.754
0.7695
0.7765
0.7605
0.767
0.7625
0.7605
0.766
0.7665
0.771
0.7595
0.759
0.761
0.767
0.765
0.764
0.775
0.7655
0.77
0.769
0.7695
0.7645
0.7555
0.7725
0.7595
0.7565
0.7645
0.7625
0.7605
0.7615
0.7595
0.763
0.7825
0.7685
0.7725
0.7605
0.772
0.7555
0.752
0.765
0.7585
0.7655
0.76
0.7715
0.7655
0.7665
0.7655
0.757
0.7595
0.762
0.7605
0.756
0.763
0.7665
0.7645
0.7645
0.7605
0.769
0.757
0.762
0.766
0.763
0.7765
0.761
0.7685
0.7645
0.7665
0.773
0.773
0.7655
0.772
0.761
0.769
0.7605
0.767
0.7705
0.7645
0.762
0.7695
0.771
0.7695
0.7625
0.766
0.765
0.767
0.7685
0.7705
0.7645
0.774
0.766
0.766
0.7745
0.763
0.7675
0.767
0.77
0.7725
0.7645
0.7695
0.7675
0.765
0.761
0.763
0.765
0.7595
0.7755
0.778
0.7725
0.7735
0.7695
0.7655
0.7625
0.7605
0.763
0.776
0.771
0.7695
0.762
0.7695
0.7585
0.7715
0.7665
0.7725
0.768
0.7735
0.7735
0.7715
0.7755
0.7775
0.7745
0.7615
0.7665
0.772
0.779
0.777
0.768
0.7685
0.766
0.7755
0.7705
0.7775
0.7765
0.7795
0.7725
0.7785
0.776
0.773
0.7675
0.777
0.778
0.782
0.7785
0.7775
0.7765
0.7785
0.777
0.78
0.7735
0.7725
0.7815
0.7815
0.779
0.78
0.7645
0.777
0.784
0.7775
0.773
0.7735
0.7725
0.786
0.7855
0.773
0.776
0.7725
0.778
0.779
0.779
0.7895
0.777
0.774
0.78
0.782
0.7825
0.781
0.775
0.7785
0.7775
0.7785
0.7885
0.7785
0.7885
0.777
0.7855
0.7845
0.7855
0.7775
0.7805
0.7845
0.772
0.768
0.7795
0.778
0.7735
0.7775
0.7815
0.7865
0.777
0.771
0.7755
0.78
0.77
0.778
0.775
0.773
0.778
0.7725
0.77
0.7725
0.764
0.766
0.7675
0.77
0.7655
0.7645
0.7645
0.7715
0.78
0.775
0.7625
0.775
0.77
0.774
0.76
0.7675
0.772
0.758
0.7615
0.7665
0.767
0.7735
0.7685
0.78
0.769
0.7655
0.771
0.769
0.768
0.7775
0.775
0.7665
0.745
0.755
0.7775
0.7665
0.773
0.77
0.773
0.77
0.771
0.7615
0.7695
0.773
0.759
0.769
0.7195
0.7615
0.768
0.778
0.765
0.7755
0.7665
0.7635
0.776
0.77
0.761
0.7665
0.766
0.762
0.768
0.769
0.7645
0.768
0.767
0.7655
0.5285
0.7605
0.7805
0.763
0.77
0.766
0.758
0.766
0.765
0.77
0.7695
0.7635
0.7665
0.7605
0.763
0.764
0.7625
0.763
0.762
0.774
0.772
0.7675
0.767
0.774
0.766
0.7785
0.775
0.777
0.778
0.772
0.773
0.7745
0.7715
0.767
0.7745
0.7705
0.7715
0.7665
0.7665
0.763
0.77
0.772
0.7565
0.762
0.761
0.7605
0.774
0.7565
0.7625
0.7555
0.762
0.7615
0.7705
0.767
0.7655
0.7685
0.766
0.774
0.772
0.7625
0.7695
0.7715
0.7595
0.7555
0.765
0.7675
0.769
0.765
0.761
0.773
0.7655
0.775
0.7795
0.775
0.7635
0.7735
0.7745
0.7575
0.768
0.767
0.766
0.7735
0.774
0.772
0.771
0.7615
0.764
0.774
0.7705
0.7795
0.7775
0.7675
0.7605
0.7725
0.7715
0.7665
0.773
0.774
0.7665
0.7765
0.7755
0.7635
0.7695
0.771
0.774
0.7745
0.7675
0.7715
0.7715
0.779
0.7745
0.773
0.7745
0.772
0.7745
0.775
0.7735
0.768
0.7725
0.766
0.7665
0.773
0.7695
0.773
0.76
0.772
0.7755
0.7705
0.7775
0.779
0.775
0.775
0.7695
0.7735
0.7795
0.775
0.775
0.7745
0.7925
0.778
0.7815
0.779
0.7745
0.769
0.7675
0.7825
0.781
0.771
0.7705
0.774
0.783
0.7755
0.773
0.7785
0.787
0.78
0.778
0.7835
0.7815
0.776
0.768
0.7835
0.7775
0.7665
0.7695
0.776
0.781
0.771
0.769
0.765
0.771
0.769
0.7705
0.7665
0.777
0.779
0.7735
0.7775
0.778
0.7795
0.762
0.7805
0.7785
0.771
0.7755
0.7685
0.781
0.769
0.7715
0.781
0.7625
0.774
0.785
0.778
0.77
0.769
0.776
0.771
0.775
0.77
0.7735
0.7685
0.765
0.7695
0.775
0.778
0.7855
0.7795
0.7735
0.783
0.7735
0.78
0.7805
0.7775
0.773
0.7725
0.774
0.769
0.7615
0.7695
0.7685
0.762
0.774
0.7615
0.7725
0.7795
0.76
0.7665
0.7635
0.7695
0.7755
0.771
0.7745
0.6465
0.7755
0.7655
0.6205
0.7635
0.7705
0.7715
0.7665
0.761
0.7665
0.769
0.7735
0.7745
0.7685
0.7685
0.772
0.775
0.7725
0.765
0.7785
0.7695
0.774
0.7785
0.7735
0.774
0.771
0.762
0.761
0.762
0.7725
0.7655
0.7665
0.76
0.7785
0.7655
0.7745
0.7805
0.7655
0.7675
0.7695
0.766
0.7685
0.7675
0.7675
0.7645
0.775
0.766
0.764
0.7655
0.77
0.764
0.768
0.7665
0.767
0.7725
0.775
0.769
0.7715
0.7685
0.7595
0.772
0.7745
0.7725
0.773
0.781
0.7685
0.779
0.7725
0.7725
0.766
0.771
0.767
0.7535
0.7675
0.7645
0.777
0.767
0.7605
0.7705
0.776
0.773
0.7715
0.782
0.779
0.77
0.767
0.771
0.767
0.765
0.769
0.773
0.7695
0.775
0.769
0.769
0.7715
0.765
0.768
0.7715
0.773
0.771
0.7745
0.773
0.7705
0.771
0.762
0.7635
0.7825
0.769
0.7695
0.7685
0.7715
0.771
0.7715
0.7705
0.761
0.7685
0.7635
0.772
0.7655
0.7745
0.7675
0.766
0.7635
0.7695
0.772
0.78
0.7725
0.7735
0.775
0.768
0.7795
0.7675
0.7775
0.766
0.7675
0.767
0.778
0.778
0.768
0.7645
0.7755
0.7725
0.774
0.769
0.765
0.7735
0.769
0.7725
0.776
0.7665
0.7735
0.762
0.7735
0.761
0.771
0.7625
0.768
0.767
0.7645
0.767
0.7745
0.769
0.7715
0.7615
0.767
0.767
0.774
0.7765
0.78
0.77
0.778
0.7725
0.769
0.7705
0.7695
0.77
0.7695
0.769
0.7795
0.7775
0.772
0.7785
0.77
0.7675
0.769
0.7735
0.775
0.7825
0.7715
0.7745
0.769
0.773
0.776
0.7685
0.781
0.778
0.7805
0.763
0.7785
0.7715
0.773
0.7795
0.771
0.7675
0.772
0.772
0.772
0.771
0.763
0.775
0.7595
0.7685
0.7705
0.765
0.779
0.77
0.7745
0.778
0.7795
0.7685
0.7635
0.7765
0.765
0.7745
0.7655
0.769
0.7705
0.7595
0.7755
0.7665
0.772
0.7655
0.7695
0.7725
0.762
0.7755
0.7685
0.771
0.774
0.768
0.771
0.7725
0.7655
0.7745
0.7725
0.76
0.762
0.772
0.766
0.7655
0.7705
0.7655
0.7735
0.774
0.779
0.774
0.764
0.776
0.772
0.771
0.7785
0.7795
0.773
0.781
0.7835
0.7765
0.775
0.7705
0.7675
0.7795
0.766
0.7785
0.7685
0.7625
0.7715
0.769
0.7765
0.772
0.757
0.7695
0.771
0.7665
0.763
0.775
0.765
0.7715
0.765
0.7645
0.7535
0.765
0.762
0.7645
0.763
0.762
0.76
0.7735
0.766
0.78
0.7725
0.776
0.775
0.769
0.777
0.77
0.7745
0.7655
0.762
0.7665
0.7635
0.7785
0.7785
0.781
0.7765
0.7775
0.7705
0.7755
0.772
0.779
0.7795
0.777
0.7715
0.775
0.7745
0.7745
0.778
0.7715
0.7715
0.7705
0.7655
0.7765
0.7735
0.7735
0.7755
0.7725
0.7855
0.7765
0.781
0.771
0.781
0.7755
0.7665
0.7745
0.769
0.7725
0.771
0.768
0.7595
0.7675
0.772
0.77
0.7695
0.767
0.7735
0.764
0.777
0.7745
0.7645
0.7645
0.7595
0.764
0.7635
0.7785
0.7715
0.7715
0.7655
0.7615
0.778
0.7835
0.7665
0.776
0.774
0.7735
0.769
0.774
0.7765
0.768
0.777
0.7725
0.772
0.781
0.7715
0.773
0.774
0.771
0.774
0.781
0.77
0.771
0.7735
0.774
0.7735
0.777
0.7695
0.772
0.771
0.776
0.7775
0.7655
0.775
0.784
0.78
0.7725
0.7745
0.7755
0.773
0.769
0.7795
0.7635
0.7705
0.768
0.7745
0.767
0.77
0.774
0.767
0.7665
0.7785
0.7715
0.776
0.775
0.7745
0.7745
0.767
0.771
0.772
0.773
0.77
0.764
0.777
0.7765
0.772
0.776
0.7725
0.7855
0.7825
0.7745
0.7765
0.788
0.777
0.7825
0.7805
0.773
0.7805
0.776
0.771
0.774
0.778
0.773
0.782
0.7725
0.7815
0.7785
0.7805
0.7815
0.7785
0.773
0.77
0.7785
0.7795
0.7755
0.7775
0.7735
0.7755
0.7705
0.7805
0.78
0.781
0.7745
0.7825
0.782
0.772
0.78
0.782
0.7795
0.783
0.789
0.776
0.7745
0.7625
0.7785
0.7765
0.7675
0.7735
0.7745
0.765
0.7745
0.775
0.7745
0.7775
0.7825
0.7825
0.784
0.774
0.77
0.7775
0.7795
0.7815
0.7795
0.7815
0.779
0.77
0.7775
0.7815
0.773
0.7665
0.779
0.774
0.779
0.7665
0.775
0.7765
0.768
0.767
0.782
0.771
0.778
0.7795
0.783
0.7795
0.7805
0.7735
0.772
0.768
0.7795
0.776
0.7765
0.7705
0.78
0.769
0.779
0.782
0.7705
0.7755
0.772
0.7775
0.784
0.781
0.766
0.7735
0.782
0.7765
0.775
0.776
0.769
0.7795
0.7725
0.7825
0.7815
0.7795
0.778
0.7835
0.7815
0.7875
0.783
0.7805
0.7875
0.771
0.785
0.7735
0.7765
0.778
0.7805
0.7775
0.7805
0.7795
0.7735
0.773
0.769
0.7785
0.7725
0.7795
0.7825
0.777
0.787
0.7675
0.7745
0.7745
0.7765
0.7765
0.779
0.7795
0.782
0.775
0.7795
0.773
0.7745
0.7805
0.785
0.767
0.7825
0.7745
0.7825
0.771
0.7695
0.7785
0.7815
0.776
0.786
0.7745
0.777
0.7745
0.7805
0.7775
0.7675
0.7785
0.786
0.7745
0.774
0.7715
0.777
0.7775
0.78
0.782
0.7735
0.7745
0.775
0.777
0.774
0.772
0.769
0.7715
0.778
0.773
0.7715
0.7805
0.774
0.7785
0.778
0.77
0.7655
0.774
0.778
0.78
0.783
0.774
0.772
0.7875
0.78
0.778
0.779
0.7825
0.774
0.7835
0.778
0.7815
0.7695
0.7735
0.7765
0.782
0.7725
0.7795
0.7675
0.7755
0.7715
0.7765
0.764
0.776
0.765
0.786
0.774
0.77
0.789
0.7835
0.777
0.7735
0.7665
0.7705
0.766
0.7735
0.771
0.7775
0.785
0.7755
0.77
0.7785
0.7805
0.783
0.773
0.782
0.7835
0.773
0.777
0.774
0.783
0.7725
0.778
0.77
0.7805
0.7795
0.782
0.7725
0.779
0.7725
0.789
0.78
0.7795
0.773
0.7755
0.771
0.77
0.7805
0.7805
0.7795
0.783
0.7885
0.7875
0.7865
0.7885
0.7845
0.7765
0.7955
0.7785
0.787
0.7885
0.7815
0.7865
0.782
0.7815
0.7715
0.784
0.788
0.7795
0.784
0.7795
0.7765
0.7795
0.7875
0.7845
0.784
0.7805
0.7825
0.794
0.7805
0.787
0.7885
0.7835
0.7755
0.7825
0.779
0.7825
0.7825
0.788
0.78
0.782
0.785
0.774
0.7695
0.778
0.7735
0.7735
0.7745
0.775
0.7705
0.778
0.7675
0.7765
0.7805
0.7695
0.7845
0.774
0.781
0.7665
0.7665
0.775
0.767
0.7755
0.78
0.766
0.7725
0.781
0.772
0.7715
0.772
0.7705
0.7825
0.7665
0.775
0.7685
0.767
0.7705
0.788
0.7795
0.769
0.765
0.7685
0.7655
0.7655
0.7735
0.7685
0.7725
0.769
0.774
0.767
0.78
0.7735
0.7825
0.7645
0.772
0.768
0.773
0.778
0.776
0.7615
0.7585
0.767
0.765
0.783
0.776
0.7655
0.7685
0.771
0.7585
0.768
0.7675
0.771
0.7685
0.769
0.767
0.7675
0.7745
0.7715
0.7765
0.774
0.7805
0.7725
0.777
0.765
0.7845
0.7805
0.78
0.775
0.7775
0.7775
0.782
0.784
0.781
0.7875
0.78
0.774
0.782
0.7795
0.778
0.786
0.787
0.7805
0.774
0.782
0.782
0.7715
0.783
0.787
0.7885
0.7795
0.778
0.77
0.777
0.7745
0.78
0.7815
0.776
0.7785
0.7815
0.7845
0.7905
0.7895
0.7845
0.788
0.784
0.784
0.7815
0.787
0.769
0.7805
0.7815
0.7815
0.778
0.7805
0.7885
0.7915
0.789
0.7775
0.7915
0.7815
0.7875
0.7815
0.785
0.777
0.779
0.7865
0.779
0.7765
0.783
0.7745
0.773
0.779
0.774
0.7685
0.7845
0.775
0.7795
0.7735
0.7775
0.777
0.7755
0.778
0.7775
0.77
0.7715
0.77
0.7765
0.772
0.774
0.774
0.7705
0.771
0.776
0.773
0.78
0.772
0.7735
0.781
0.768
0.777
0.781
0.769
0.7825
0.7755
0.744
0.767
0.7775
0.7745
0.779
0.773
0.769
0.766
0.7705
0.769
0.766
0.768
0.7685
0.7725
0.778
0.763
0.7685
0.7725
0.774
0.765
0.772
0.7645
0.7685
0.7645
0.7715
0.764
0.768
0.7605
0.765
0.773
0.7735
0.7715
0.7655
0.7655
0.768
0.771
0.7715
0.7635
0.77
0.769
0.7535
0.7645
0.766
0.765
0.767
0.764
0.7725
0.7635
0.774
0.765
0.774
0.766
0.7645
0.7645
0.76
0.764
0.774
0.7605
0.7765
0.761
0.7625
0.765
0.7605
0.7675
0.7645
0.768
0.764
0.732
0.766
0.7655
0.767
0.769
0.767
0.769
0.7715
0.775
0.766
0.7695
0.7615
0.7715
0.764
0.77
0.7625
0.77
0.76
0.766
0.768
0.7645
0.768
0.768
0.7685
0.765
0.7665
0.777
0.769
0.7765
0.7695
0.7685
0.7695
0.769
0.779
0.759
0.764
0.772
0.7665
0.7595
0.7675
0.7665
0.769
0.7635
0.774
0.7655
0.768
0.7735
0.7625
0.764
0.7735
0.77
0.7635
0.767
0.7615
0.765
0.7645
0.7685
0.765
0.7635
0.766
0.769
0.7685
0.78
0.749
0.7665
0.7675
0.7715
0.7655
0.7675
0.7625
0.7645
0.7605
0.7535
0.7705
0.762
0.766
0.7655
0.77
0.776
0.7705
0.7775
0.774
0.773
0.762
0.76
0.767
0.7655
0.778
0.774
0.7705
0.768
0.7755
0.767
0.7825
0.7805
0.7735
0.78
0.7855
0.7735
0.7765
0.778
0.7705
0.78
0.7735
0.778
0.783
0.7745
0.7835
0.779
0.777
0.7735
0.7765
0.78
0.776
0.7815
0.78
0.7745
0.77
0.777
0.696
0.76
0.7745
0.774
0.7715
0.7745
0.773
0.7775
0.77
0.769
0.772
0.7715
0.7685
0.7675
0.77
0.7725
0.772
0.769
0.7685
0.776
0.777
0.7755
0.771
0.7705
0.782
0.7795
0.7705
0.779
0.772
0.7775
0.7695
0.776
0.782
0.7785
0.771
0.7765
0.7715
0.768
0.7745
0.779
0.7805
0.778
0.779
0.7865
0.7905
0.7855
0.7775
0.7705
0.778
0.7785
0.78
0.7745
0.7765
0.777
0.7715
0.784
0.7825
0.7805
0.7765
0.7815
0.774
0.774
0.7805
0.786
0.781
0.7805
0.79
0.7875
0.784
0.778
0.7785
0.777
0.7735
0.793
0.775
0.778
0.7775
0.776
0.7785
0.7765
0.777
0.768
0.7685
0.7785
0.784
0.774
0.7835
0.7805
0.78
0.782
0.7695
0.7685
0.7705
0.772
0.771
0.7845
0.7745
0.773
0.776
0.775
0.777
0.775
0.773
0.7865
0.7755
0.776
0.775
0.7845
0.7825
0.7735
0.7745
0.7755
0.782
0.7795
0.7735
0.778
0.7745
0.775
0.758
0.773
0.767
0.773
0.7805
0.7805
0.7725
0.7675
0.771
0.791
0.7885
0.7805
0.777
0.7855
0.791
0.7765
0.779
0.7755
0.7735
0.788
0.777
0.775
0.7865
0.782
0.786
0.7795
0.7845
0.7845
0.7835
0.773
0.7745
0.7775
0.7815
0.7805
0.7805
0.775
0.7785
0.776
0.7815
0.783
0.7745
0.775
0.7825
0.7845
0.778
0.777
0.7635
0.757
0.774
0.7735
0.782
0.7795
0.78
0.7785
0.7725
0.7815
0.7725
0.7765
0.773
0.779
0.779
0.7855
0.782
0.7965
0.7815
0.793
0.782
0.7885
0.7915
0.781
0.785
0.778
0.8
0.782
0.787
0.774
0.771
0.7765
0.785
0.783
0.785
0.7835
0.7805
0.7905
0.79
0.782
0.793
0.792
0.791
0.787
0.7845
0.7855
0.7955
0.786
0.7865
0.7975
0.7905
0.784
0.792
0.791
0.793
0.788
0.7785
0.789
0.786
0.788
0.796
0.7925
0.775
0.786
0.79
0.7925
0.7955
0.799
0.7905
0.7965
0.7945
0.7875
0.7885
0.7885
0.792
0.7925
0.801
0.797
0.7885
0.7955
0.7905
0.7865
0.788
0.782
0.788
0.7815
0.7985
0.7925
0.792
0.787
0.784
0.79
0.79
0.7925
0.7805
0.7965
0.7935
0.801
0.7915
0.7935
0.796
0.7915
0.7955
0.7845
0.7885
0.789
0.787
0.788
0.782
0.7835
0.775
0.786
0.7855
0.7855
0.7865
0.7845
0.778
0.7855
0.7785
0.785
0.795
0.7875
0.7865
0.7885
0.7915
0.793
0.7915
0.7885
0.7915
0.78
0.7885
0.795
0.778
0.7865
0.78
0.7785
0.783
0.7865
0.7895
0.787
0.788
0.793
0.791
0.7835
0.787
0.7775
0.783
0.777
0.784
0.784
0.7855
0.783
0.7955
0.7785
0.7825
0.7785
0.773
0.772
0.7795
0.7805
0.773
0.781
0.7855
0.7805
0.7785
0.7725
0.789
0.781
0.774
0.79
0.792
0.791
0.7815
0.7865
0.7895
0.7915
0.7945
0.7845
0.7825
0.7915
0.7785
0.79
0.7935
0.7785
0.778
0.7775
0.7925
0.7825
0.7925
0.783
0.7935
0.7965
0.7825
0.7775
0.79
0.796
0.789
0.7935
0.7895
0.786
0.7915
0.7885
0.789
0.791
0.7805
0.7775
0.7815
0.7945
0.799
0.791
0.7885
0.782
0.792
0.7935
0.7905
0.7905
0.7975
0.784
0.7945
0.795
0.7785
0.788
0.787
0.7845
0.7835
0.7755
0.785
0.7835
0.782
0.776
0.7755
0.78
0.7795
0.79
0.7945
0.782
0.779
0.7795
0.7805
0.7815
0.7855
0.784
0.781
0.7875
0.793
0.791
0.7915
0.78
0.789
0.782
0.782
0.7865
0.7785
0.79
0.793
0.7915
0.7925
0.7885
0.783
0.791
0.7885
0.787
0.7845
0.7865
0.795
0.7835
0.783
0.7945
0.7835
0.788
0.7835
0.7915
0.7775
0.7885
0.7845
0.785
0.7855
0.7895
0.7855
0.787
0.787
0.7875
0.786
0.7855
0.7895
0.7905
0.79
0.79
0.7855
0.787
0.785
0.786
0.7855
0.796
0.781
0.7825
0.7875
0.787
0.787
0.7845
0.7905
0.791
0.7875
0.782
0.7825
0.7795
0.7815
0.7825
0.7975
0.784
0.7815
0.787
0.7775
0.7805
0.7865
0.779
0.801
0.777
0.7865
0.7825
0.789
0.788
0.779
0.7845
0.782
0.782
0.7865
0.781
0.79
0.779
0.788
0.7795
0.783
0.794
0.783
0.7885
0.787
0.787
0.777
0.792
0.786
0.786
0.777
0.788
0.775
0.7825
0.7765
0.786
0.787
0.7795
0.782
0.7845
0.784
0.78
0.7815
0.787
0.788
0.795
0.7885
0.786
0.7845
0.7765
0.787
0.7885
0.785
0.774
0.7845
0.7855
0.778
0.7755
0.7835
0.7865
0.7795
0.7745
0.7985
0.79
0.786
0.795
0.7815
0.782
0.7925
0.782
0.7795
0.7865
0.778
0.7825
0.785
0.7875
0.782
0.7815
0.7875
0.793
0.783
0.787
0.785
0.79
0.777
0.787
0.7885
0.786
0.788
0.7865
0.7875
0.787
0.793
0.782
0.779
0.7855
0.792
0.7945
0.791
0.7925
0.784
0.7895
0.786
0.79
0.795
0.7895
0.782
0.7795
0.789
0.7875
0.781
0.777
0.7915
0.787
0.7795
0.7865
0.7785
0.7825
0.7845
0.789
0.7855
0.785
0.7755
0.786
0.7725
0.782
0.7865
0.7775
0.7815
0.777
0.7875
0.779
0.778
0.7845
0.778
0.784
0.7865
0.787
0.782
0.7795
0.782
0.782
0.7795
0.7835
0.7835
0.7835
0.779
0.787
0.7795
0.78
0.7765
0.7775
0.7745
0.7675
0.7735
0.785
0.7655
0.7805
0.7805
0.7825
0.781
0.785
0.773
0.783
0.776
0.785
0.7735
0.771
0.771
0.7825
0.782
0.7695
0.7885
0.7735
0.7765
0.7745
0.7725
0.768
0.7845
0.7725
0.7795
0.7715
0.7815
0.7805
0.773
0.771
0.7765
0.7695
0.78
0.775
0.778
0.7745
0.777
0.782
0.774
0.7685
0.7695
0.775
0.7785
0.7685
0.765
0.7735
0.7665
0.775
0.7735
0.7765
0.767
0.773
0.768
0.7775
0.781
0.77
0.7765
0.772
0.7705
0.785
0.774
0.7745
0.779
0.7735
0.769
0.7745
0.768
0.7695
0.765
0.7755
0.7655
0.7755
0.7705
0.771
0.763
0.7815
0.775
0.7775
0.7695
0.772
0.7725
0.7775
0.775
0.7785
0.7785
0.775
0.775
0.7745
0.776
0.7735
0.7685
0.78
0.7745
0.7695
0.778
0.7675
0.7765
0.771
0.7765
0.78
0.7705
0.767
0.7735
0.769
0.779
0.782
0.7845
0.7855
0.7745
0.7825
0.773
0.7745
0.7785
0.7735
0.7755
0.7635
0.762
0.775
0.773
0.7745
0.7675
0.7815
0.7695
0.777
0.7815
0.774
0.771
0.764
0.768
0.7705
0.7745
0.776
0.7745
0.7755
0.789
0.7775
0.779
0.775
0.784
0.774
0.7835
0.784
0.7855
0.7825
0.779
0.7775
0.777
0.7805
0.782
0.7855
0.774
0.78
0.782
0.7895
0.774
0.7825
0.784
0.774
0.779
0.7825
0.7905
0.784
0.786
0.789
0.781
0.792
0.7795
0.7885
0.778
0.7855
0.7865
0.777
0.7805
0.7895
0.7735
0.784
0.775
0.7745
0.772
0.772
0.7815
0.7725
0.7815
0.78
0.7765
0.7765
0.7785
0.7755
0.785
0.788
0.785
0.7875
0.785
0.7955
0.7845
0.793
0.786
0.796
0.787
0.7965
0.7815
0.7905
0.7865
0.785
0.783
0.7975
0.7905
0.7945
0.7825
0.78
0.78
0.7855
0.7835
0.7885
0.779
0.7845
0.773
0.7765
0.7825
0.778
0.78
0.779
0.783
0.778
0.773
0.7775
0.783
0.779
0.7845
0.781
0.7765
0.78
0.7745
0.7795
0.7755
0.778
0.771
0.777
0.783
0.783
0.783
0.772
0.7725
0.784
0.779
0.7815
0.784
0.719
0.7865
0.7795
0.7955
0.783
0.799
0.7925
0.784
0.7765
0.776
0.789
0.781
0.777
0.781
0.779
0.7835
0.79
0.7715
0.77
0.7775
0.773
0.776
0.7885
0.7855
0.776
0.791
0.7765
0.78
0.7775
0.7875
0.7745
0.781
0.785
0.7865
0.795
0.787
0.782
0.777
0.783
0.7745
0.7795
0.7855
0.791
0.7915
0.7855
0.791
0.7865
0.776
0.791
0.787
0.774
0.776
0.785
0.774
0.7805
0.7775
0.7815
0.774
0.7885
0.786
0.7835
0.781
0.7795
0.783
0.774
0.781
0.781
0.7765
0.7935
0.7865
0.7795
0.7775
0.7815
0.7835
0.7875
0.7785
0.783
0.785
0.778
0.783
0.786
0.776
0.7865
0.776
0.7845
0.787
0.7745
0.7905
0.7755
0.785
0.78
0.7805
0.775
0.7745
0.784
0.782
0.7765
0.772
0.7835
0.771
0.777
0.7755
0.781
0.7815
0.7885
0.7805
0.7755
0.719
0.779
0.7755
0.78
0.7785
0.784
0.7745
0.781
0.777
0.782
0.778
0.7895
0.7795
0.777
0.7765
0.7765
0.778
0.7745
0.779
0.775
0.7865
0.787
0.785
0.782
0.788
0.781
0.784
0.7855
0.7785
0.777
0.794
0.787
0.7815
0.787
0.788
0.7835
0.779
0.7775
0.7855
0.789
0.79
0.7825
0.7755
0.794
0.773
0.78
0.782
0.785
0.777
0.7775
0.776
0.777
0.7695
0.782
0.782
0.769
0.7915
0.7895
0.7795
0.7865
0.7845
0.794
0.7995
0.79
0.786
0.788
0.783
0.7885
0.7845
0.7875
0.7925
0.786
0.785
0.784
0.783
0.7795
0.786
0.768
0.7875
0.788
0.783
0.7965
0.79
0.7855
0.791
0.7945
0.768
0.7885
0.794
0.7845
0.786
0.7925
0.795
0.791
0.79
0.791
0.7885
0.793
0.789
0.7975
0.795
0.791
0.785
0.789
0.7955
0.785
0.789
0.787
0.7805
0.787
0.7925
0.7985
0.793
0.7935
0.791
0.787
0.779
0.784
0.7895
0.785
0.7775
0.784
0.7875
0.782
0.786
0.7815
0.7825
0.7785
0.7745
0.771
0.774
0.788
0.785
0.7815
0.7735
0.778
0.7735
0.787
0.78
0.786
0.777
0.781
0.785
0.7805
0.7845
0.788
0.788
0.7815
0.7745
0.787
0.783
0.7825
0.782
0.787
0.7835
0.7835
0.7925
0.7865
0.801
0.796
0.7895
0.798
0.792
0.799
0.7945
0.7925
0.7875
0.793
0.7945
0.787
0.7855
0.7885
0.7955
0.7865
0.79
0.7915
0.7945
0.793
0.7985
0.791
0.7875
0.782
0.7905
0.793
0.7875
0.7905
0.7865
0.79
0.791
0.7895
0.7895
0.804
0.794
0.7935
0.794
0.7925
0.7875
0.797
0.794
0.789
0.797
0.796
0.7975
0.7935
0.7915
0.7905
0.785
0.7965
0.7965
0.7975
0.795
0.788
0.7905
0.789
0.79
0.796
0.7875
0.7885
0.785
0.7835
0.778
0.787
0.7895
0.79
0.7905
0.7805
0.779
0.7955
0.787
0.7895
0.6905
0.795
0.7905
0.801
0.787
0.7815
0.7885
0.7885
0.795
0.79
0.79
0.7905
0.7945
0.789
0.789
0.7845
0.791
0.787
0.7885
0.7825
0.792
0.7805
0.789
0.794
0.7775
0.7785
0.7745
0.781
0.7785
0.782
0.7795
0.783
0.7865
0.7895
0.783
0.7785
0.7895
0.784
0.784
0.7915
0.7905
0.7855
0.786
0.7845
0.779
0.782
0.783
0.715
0.7885
0.781
0.7835
0.791
0.7845
0.7935
0.7925
0.7885
0.793
0.795
0.7945
0.7895
0.789
0.7895
0.79
0.786
0.7875
0.787
0.7955
0.7805
0.784
0.7915
0.786
0.779
0.786
0.7865
0.791
0.792
0.7835
0.7895
0.7895
0.7785
0.7905
0.794
0.791
0.7795
0.7955
0.7885
0.7825
0.7805
0.7855
0.7925
0.781
0.783
0.7845
0.7835
0.7875
0.7845
0.7915
0.7765
0.7865
0.778
0.7805
0.7745
0.7685
0.7745
0.7835
0.773
0.7845
0.777
0.7775
0.776
0.7685
0.7815
0.783
0.7795
0.7835
0.7875
0.782
0.7845
0.775
0.784
0.788
0.7805
0.777
0.7915
0.7865
0.78
0.7865
0.782
0.7785
0.7855
0.7885
0.7915
0.7845
0.7745
0.7875
0.788
0.7945
0.789
0.787
0.775
0.771
0.7765
0.7825
0.78
0.782
0.7815
0.776
0.777
0.7815
0.7805
0.7805
0.7745
0.782
0.784
0.7705
0.7805
0.7805
0.7805
0.7735
0.78
0.7735
0.776
0.786
0.7795
0.7785
0.7825
0.775
0.778
0.7695
0.781
0.7785
0.7835
0.7705
0.7835
0.7825
0.7825
0.781
0.7835
0.7815
0.781
0.778
0.7765
0.774
0.7845
0.7795
0.78
0.776
0.7765
0.772
0.77
0.7735
0.782
0.768
0.7755
0.776
0.768
0.7805
0.7795
0.7705
0.7805
0.7715
0.7755
0.78
0.78
0.766
0.7785
0.779
0.782
0.7805
0.7755
0.777
0.7795
0.774
0.7845
0.786
0.7835
0.781
0.7795
0.779
0.7705
0.7775
0.772
0.7735
0.776
0.75
0.7695
0.7735
0.7745
0.7675
0.768
0.7755
0.7745
0.7645
0.764
0.772
0.7595
0.7685
0.7695
0.7735
0.78
0.782
0.777
0.7855
0.7765
0.7825
0.785
0.78
0.783
0.774
0.7835
0.7775
0.776
0.7825
0.7855
0.7835
0.772
0.777
0.787
0.7755
0.7805
0.782
0.7805
0.781
0.7815
0.787
0.7765
0.7775
0.7845
0.7835
0.781
0.782
0.779
0.781
0.783
0.773
0.7755
0.7795
0.7805
0.778
0.7715
0.7825
0.7835
0.78
0.78
0.779
0.7765
0.7755
0.774
0.7865
0.78
0.7735
0.765
0.764
0.783
0.7735
0.777
0.774
0.7665
0.7855
0.783
0.787
0.783
0.7835
0.7805
0.7745
0.779
0.778
0.785
0.7795
0.769
0.764
0.78
0.7815
0.785
0.79
0.775
0.7715
0.7815
0.786
0.788
0.7905
0.7815
0.7855
0.781
0.7815
0.7885
0.789
0.7785
0.789
0.7845
0.7825
0.79
0.7875
0.7805
0.7735
0.7855
0.794
0.78
0.778
0.7835
0.7865
0.792
0.7875
0.785
0.777
0.783
0.787
0.7835
0.7875
0.785
0.789
0.7855
0.7945
0.791
0.802
0.7965
0.797
0.7905
0.799
0.789
0.7925
0.7935
0.7955
0.79
0.797
0.7995
0.785
0.795
0.8005
0.793
0.7975
0.7915
0.7895
0.8065
0.8025
0.79
0.7935
0.8005
0.7925
0.8015
0.793
0.797
0.794
0.7975
0.797
0.798
0.8
0.7975
0.8035
0.801
0.799
0.7975
0.789
0.7905
0.795
0.794
0.8
0.7935
0.7875
0.792
0.7905
0.79
0.798
0.7975
0.7935
0.791
0.791
0.7885
0.7995
0.797
0.7995
0.7965
0.797
0.7945
0.795
0.79
0.785
0.78
0.7905
0.7885
0.788
0.7905
0.7845
0.793
0.788
0.792
0.7945
0.789
0.7865
0.7955
0.7815
0.791
0.7815
0.796
0.7895
0.789
0.789
0.7815
0.79
0.7935
0.7875
0.79
0.787
0.7935
0.7975
0.789
0.785
0.789
0.7855
0.7815
0.776
0.788
0.79
0.786
0.78
0.778
0.7875
0.7805
0.79
0.797
0.782
0.789
0.7755
0.785
0.7895
0.785
0.7795
0.779
0.7895
0.7925
0.7955
0.7905
0.7915
0.788
0.786
0.788
0.7845
0.787
0.794
0.794
0.777
0.7835
0.7865
0.7785
0.793
0.79
0.7945
0.792
0.791
0.7905
0.789
0.7925
0.792
0.796
0.7915
0.7835
0.7925
0.789
0.7935
0.795
0.795
0.799
0.802
0.7985
0.793
0.799
0.7865
0.7895
0.795
0.798
0.7925
0.791
0.7935
0.8
0.798
0.806
0.796
0.7965
0.7955
0.802
0.801
0.793
0.7885
0.802
0.795
0.793
0.7945
0.7905
0.786
0.7955
0.7865
0.7985
0.7975
0.793
0.803
0.7935
0.795
0.787
0.787
0.7935
0.788
0.797
0.7885
0.798
0.798
0.787
0.7955
0.801
0.7925
0.79
0.7935
0.7845
0.793
0.785
0.7915
0.789
0.799
0.7965
0.789
0.7975
0.8005
0.7925
0.792
0.787
0.7875
0.796
0.789
0.7845
0.787
0.7865
0.791
0.7845
0.79
0.791
0.8065
0.7945
0.799
0.7905
0.7935
0.7975
0.794
0.791
0.804
0.7915
0.7975
0.788
0.7985
0.7965
0.8065
0.798
0.7995
0.7885
0.7955
0.7875
0.79
0.7855
0.797
0.7965
0.785
0.7945
0.792
0.785
0.799
0.7995
0.7945
0.8015
0.791
0.795
0.7965
0.7925
0.7825
0.786
0.789
0.785
0.79
0.7885
0.7925
0.785
0.7945
0.785
0.794
0.784
0.786
0.78
0.786
0.794
0.7915
0.7975
0.7845
0.779
0.781
0.771
0.7735
0.7925
0.779
0.775
0.7815
0.7895
0.78
0.7895
0.7905
0.7885
0.784
0.7855
0.789
0.783
0.7795
0.784
0.7795
0.7835
0.778
0.784
0.7795
0.793
0.786
0.788
0.77
0.7835
0.783
0.788
0.786
0.7895
0.7825
0.7805
0.788
0.792
0.7945
0.782
0.784
0.793
0.7915
0.7805
0.7905
0.787
0.791
0.7845
0.7925
0.785
0.7925
0.793
0.793
0.7875
0.7805
0.7905
0.79
0.7835
0.789
0.793
0.7915
0.7875
0.7965
0.7915
0.79
0.7945
0.7865
0.798
0.8015
0.801
0.791
0.8005
0.793
0.792
0.783
0.79
0.7945
0.793
0.793
0.789
0.801
0.792
0.7985
0.788
0.7925
0.7865
0.785
0.789
0.796
0.785
0.7825
0.7885
0.7865
0.791
0.792
0.783
0.7975
0.79
0.788
0.789
0.8025
0.793
0.7955
0.786
0.7965
0.7875
0.7845
0.793
0.795
0.793
0.789
0.78
0.7815
0.7825
0.7875
0.7835
0.794
0.779
0.791
0.7865
0.7885
0.7845
0.783
0.7865
0.781
0.796
0.7855
0.79
0.784
0.794
0.794
0.7845
0.785
0.788
0.7895
0.7935
0.798
0.784
0.788
0.786
0.7875
0.7865
0.781
0.7885
0.787
0.7815
0.787
0.7755
0.792
0.794
0.7885
0.7905
0.786
0.7905
0.7995
0.792
0.7835
0.787
0.787
0.791
0.793
0.7935
0.785
0.7815
0.7885
0.7855
0.7945
0.7995
0.794
0.7965
0.787
0.8
0.799
0.79
0.793
0.787
0.785
0.787
0.7905
0.789
0.782
0.79
0.778
0.7845
0.7895
0.7835
0.766
0.785
0.787
0.7865
0.787
0.7835
0.7935
0.7915
0.797
0.7915
0.788
0.7945
0.783
0.781
0.79
0.786
0.7885
0.78
0.7885
0.7945
0.787
0.793
0.7845
0.791
0.784
0.7875
0.773
0.7895
0.79
0.7825
0.778
0.7855
0.7825
0.7775
0.7765
0.786
0.7715
0.782
0.7715
0.792
0.7785
0.779
0.7825
0.7725
0.7805
0.7765
0.7745
0.7715
0.7775
0.775
0.768
0.7775
0.776
0.776
0.7745
0.765
0.781
0.773
0.78
0.7815
0.783
0.7815
0.7755
0.7835
0.774
0.7755
0.7745
0.775
0.7815
0.782
0.788
0.7825
0.7875
0.788
0.7865
0.773
0.794
0.785
0.7815
0.791
0.789
0.786
0.7965
0.785
0.777
0.7865
0.7975
0.788
0.7855
0.7815
0.8005
0.7855
0.797
0.7915
0.799
0.7895
0.7905
0.7845
0.784
0.7925
0.7935
0.787
0.786
0.7875
0.7855
0.803
0.7935
0.789
0.795
0.7885
0.7965
0.7935
0.792
0.787
0.7915
0.7845
0.789
0.794
0.7845
0.785
0.7975
0.7985
0.7975
0.792
0.795
0.7835
0.793
0.7875
0.7885
0.7815
0.791
0.795
0.7885
0.8005
0.79
0.793
0.788
0.789
0.7985
0.799
0.79
0.797
0.7935
0.785
0.7885
0.7865
0.779
0.7905
0.7895
0.789
0.791
0.7935
0.7805
0.795
0.7955
0.784
0.78
0.792
0.7925
0.7935
0.79
0.795
0.7885
0.7895
0.7845
0.7845
0.792
0.792
0.7805
0.784
0.7835
0.7805
0.78
0.78
0.775
0.783
0.788
0.7915
0.795
0.7875
0.7885
0.7945
0.791
0.802
0.794
0.7935
0.791
0.7975
0.799
0.8015
0.794
0.7925
0.7955
0.801
0.796
0.7945
0.797
0.7765
0.7865
0.7925
0.7895
0.7885
0.7875
0.79
0.7905
0.796
0.79
0.789
0.7825
0.782
0.792
0.7875
0.7985
0.7925
0.782
0.789
0.789
0.7905
0.7855
0.789
0.7965
0.785
0.7855
0.787
0.777
0.7795
0.7925
0.7885
0.7905
0.7825
0.782
0.776
0.786
0.784
0.776
0.7805
0.7845
0.7855
0.7875
0.7905
0.797
0.7945
0.7915
0.7905
0.7945
0.778
0.792
0.786
0.7865
0.7825
0.7905
0.793
0.7875
0.806
0.7905
0.7925
0.7905
0.8005
0.7975
0.7955
0.8
0.7965
0.7925
0.781
0.7925
0.788
0.797
0.7895
0.7945
0.791
0.7815
0.7915
0.7855
0.787
0.791
0.7815
0.7835
0.7935
0.79
0.793
0.7855
0.792
0.7855
0.786
0.7925
0.7875
0.793
0.798
0.787
0.797
0.783
0.7855
0.7955
0.7965
0.7945
0.792
0.798
0.789
0.7975
0.796
0.7955
0.7925
0.7955
0.795
0.7875
0.795
0.791
0.802
0.7895
0.7955
0.787
0.7975
0.793
0.7995
0.7945
0.788
0.7925
0.7875
0.7945
0.7855
0.782
0.7825
0.7825
0.8005
0.7995
0.786
0.793
0.784
0.7905
0.7865
0.7825
0.787
0.7845
0.7825
0.7835
0.7875
0.789
0.7845
0.7825
0.7785
0.7905
0.79
0.783
0.7815
0.7855
0.7925
0.7825
0.7905
0.7845
0.794
0.7955
0.792
0.791
0.7915
0.7955
0.7885
0.799
0.794
0.7945
0.797
0.7865
0.788
0.7995
0.798
0.7895
0.787
0.784
0.789
0.7945
0.7865
0.794
0.789
0.793
0.7985
0.789
0.7975
0.789
0.7865
0.7885
0.7895
0.7865
0.795
0.7905
0.793
0.786
0.773
0.7965
0.7885
0.793
0.7955
0.7835
0.788
0.7875
0.7935
0.7875
0.791
0.7845
0.7835
0.8035
0.776
0.781
0.785
0.791
0.7965
0.785
0.779
0.784
0.788
0.78
0.7925
0.784
0.7885
0.792
0.788
0.7855
0.788
0.783
0.7765
0.7875
0.781
0.789
0.7875
0.7805
0.7845
0.7865
0.783
0.79
0.778
0.784
0.7835
0.789
0.786
0.7775
0.7905
0.7765
0.7885
0.789
0.785
0.781
0.788
0.787
0.793
0.79
0.791
0.789
0.7935
0.791
0.788
0.7785
0.784
0.7825
0.79
0.781
0.776
0.774
0.783
0.783
0.7685
0.7775
0.7785
0.7765
0.775
0.781
0.7805
0.777
0.7815
0.7855
0.7815
0.781
0.769
0.776
0.7875
0.7655
0.7765
0.7775
0.7785
0.773
0.771
0.7675
0.781
0.783
0.7775
0.7805
0.7675
0.7785
0.779
0.775
0.78
0.7755
0.775
0.7545
0.7805
0.7765
0.7795
0.782
0.7775
0.787
0.777
0.7795
0.781
0.7885
0.7785
0.782
0.783
0.775
0.7795
0.7855
0.7865
0.785
0.784
0.778
0.784
0.7855
0.7745
0.781
0.771
0.776
0.7755
0.7795
0.774
0.7785
0.7825
0.782
0.778
0.777
0.778
0.78
0.786
0.783
0.779
0.782
0.7725
0.77
0.786
0.7845
0.778
0.771
0.777
0.785
0.789
0.787
0.787
0.784
0.777
0.7845
0.783
0.786
0.7865
0.7895
0.7685
0.7865
0.773
0.7785
0.791
0.7775
0.7815
0.781
0.773
0.7755
0.781
0.774
0.791
0.7775
0.7755
0.7755
0.776
0.783
0.781
0.776
0.7905
0.7895
0.7765
0.7795
0.7845
0.7795
0.7915
0.78
0.7885
0.7825
0.7895
0.7925
0.7815
0.787
0.7785
0.7725
0.7705
0.7775
0.782
0.781
0.78
0.7775
0.7675
0.774
0.779
0.773
0.7665
0.7765
0.7785
0.7695
0.7685
0.7735
0.778
0.7765
0.7705
0.7805
0.7785
0.7835
0.818
0.7775
0.783
0.779
0.791
0.7785
0.786
0.791
0.791
0.784
0.788
0.7785
0.7795
0.78
0.7835
0.783
0.783
0.787
0.778
0.788
0.7885
0.7745
0.785
0.779
0.7875
0.7865
0.7875
0.7935
0.775
0.7935
0.7965
0.7825
0.7895
0.778
0.7825
0.7725
0.7825
0.7805
0.785
0.7805
0.7825
0.7845
0.7835
0.7795
0.7905
0.789
0.776
0.79
0.7685
0.7845
0.7795
0.779
0.773
0.7675
0.7775
0.778
0.7795
0.781
0.776
0.7755
0.775
0.7845
0.781
0.7765
0.784
0.778
0.7825
0.777
0.7785
0.77
0.784
0.7835
0.769
0.7725
0.7855
0.7855
0.7865
0.7715
0.777
0.7785
0.775
0.7935
0.7805
0.7865
0.7935
0.78
0.779
0.7845
0.7815
0.786
0.7925
0.7765
0.79
0.7965
0.784
0.776
0.783
0.769
0.779
0.7865
0.7775
0.78
0.788
0.7805
0.779
0.78
0.7825
0.7825
0.7185
0.78
0.7835
0.777
0.773
0.7855
0.786
0.7895
0.788
0.784
0.7895
0.7945
0.788
0.7805
0.779
0.778
0.7815
0.788
0.7765
0.779
0.7835
0.7805
0.363
0.7795
0.783
0.7855
0.7775
0.785
0.788
0.782
0.7695
0.776
0.7685
0.7725
0.773
0.78
0.773
0.782
0.779
0.778
0.7795
0.7655
0.783
0.776
0.759
0.778
0.7765
0.7825
0.7725
0.78
0.778
0.7825
0.7745
0.771
0.774
0.776
0.78
0.776
0.771
0.7705
0.776
0.7845
0.774
0.7715
0.7695
0.782
0.775
0.7815
0.7765
0.7805
0.7775
0.782
0.7845
0.7765
0.777
0.788
0.784
0.768
0.77
0.771
0.7715
0.773
0.776
0.776
0.775
0.77
0.772
0.7695
0.7805
0.7765
0.7715
0.78
0.7755
0.777
0.772
0.7705
0.787
0.78
0.776
0.765
0.767
0.778
0.7695
0.761
0.7785
0.7645
0.7705
0.766
0.768
0.769
0.7695
0.775
0.769
0.7735
0.772
0.773
0.7805
0.7785
0.768
0.788
0.7735
0.7775
0.7755
0.7765
0.768
0.7665
0.7715
0.7615
0.77
0.768
0.77
0.7725
0.778
0.776
0.776
0.7755
0.775
0.7705
0.7815
0.768
0.7725
0.777
0.7695
0.7815
0.7685
0.7745
0.773
0.777
0.7795
0.7815
0.7775
0.78
0.7825
0.7825
0.785
0.776
0.7815
0.778
0.7685
0.7755
0.7805
0.785
0.775
0.786
0.784
0.781
0.771
0.785
0.782
0.7865
0.7865
0.7815
0.781
0.784
0.7865
0.771
0.7905
0.793
0.786
0.786
0.7845
0.7885
0.774
0.7825
0.7785
0.7755
0.7775
0.7815
0.79
0.7845
0.787
0.7775
0.7925
0.779
0.7775
0.788
0.7875
0.7925
0.781
0.783
0.751
0.78
0.778
0.778
0.7825
0.771
0.7785
0.777
0.7755
0.7815
0.794
0.785
0.7875
0.791
0.7925
0.7785
0.649
0.794
0.7905
0.7815
0.781
0.768
0.771
0.7775
0.7795
0.7815
0.779
0.777
0.789
0.7825
0.774
0.7865
0.7845
0.776
0.7805
0.7715
0.78
0.7815
0.7775
0.7745
0.7835
0.778
0.7855
0.778
0.787
0.784
0.7785
0.788
0.783
0.7845
0.7805
0.788
0.785
0.7865
0.784
0.783
0.785
0.7865
0.789
0.7365
0.7835
0.79
0.796
0.787
0.784
0.788
0.7895
0.785
0.7745
0.779
0.776
0.796
0.791
0.7865
0.7875
0.784
0.797
0.7925
0.795
0.7885
0.785
0.7845
0.7885
0.798
0.7925
0.786
0.794
0.795
0.7965
0.792
0.792
0.786
0.7965
0.7925
0.786
0.7875
0.792
0.787
0.7915
0.793
0.7965
0.791
0.7865
0.793
0.786
0.794
0.7935
0.7895
0.789
0.7935
0.795
0.782
0.7885
0.784
0.7875
0.7845
0.7825
0.7835
0.774
0.784
0.7845
0.7825
0.774
0.7765
0.787
0.7805
0.7785
0.7895
0.776
0.776
0.7815
0.7715
0.776
0.7815
0.778
0.785
0.787
0.7825
0.783
0.7895
0.7795
0.7855
0.778
0.777
0.7805
0.776
0.78
0.781
0.7765
0.784
0.777
0.782
0.7825
0.7765
0.7825
0.7765
0.777
0.779
0.7795
0.7805
0.7795
0.782
0.78
0.7745
0.778
0.777
0.7815
0.7805
0.7825
0.78
0.7795
0.7755
0.7725
0.774
0.779
0.781
0.7785
0.7855
0.777
0.7825
0.779
0.7785
0.785
0.79
0.7825
0.785
0.792
0.7805
0.7805
0.779
0.788
0.7845
0.7755
0.778
0.786
0.7815
0.7855
0.7775
0.785
0.777
0.7825
0.785
0.7815
0.79
0.784
0.7935
0.7925
0.7885
0.795
0.7975
0.795
0.8
0.79
0.782
0.789
0.7915
0.787
0.7905
0.784
0.788
0.7825
0.789
0.789
0.7825
0.7865
0.7885
0.78
0.7775
0.7845
0.7845
0.7885
0.78
0.78
0.779
0.7775
0.783
0.775
0.773
0.785
0.78
0.7845
0.792
0.774
0.785
0.78
0.785
0.7875
0.7805
0.7795
0.7875
0.7875
0.788
0.791
0.778
0.785
0.781
0.7835
0.781
0.7785
0.775
0.786
0.7765
0.7765
0.7785
0.7755
0.779
0.77
0.777
0.782
0.7815
0.7675
0.7745
0.7825
0.7795
0.77
0.785
0.781
0.7775
0.78
0.781
0.7685
0.7785
0.7845
0.786
0.778
0.7805
0.782
0.7855
0.783
0.785
0.7805
0.7745
0.781
0.7755
0.775
0.7775
0.7755
0.789
0.7755
0.7785
0.783
0.777
0.7875
0.782
0.783
0.776
0.7805
0.785
0.7865
0.7865
0.781
0.7885
0.7825
0.777
0.791
0.792
0.787
0.785
0.787
0.781
0.7815
0.787
0.796
0.7945
0.783
0.7895
0.779
0.779
0.7865
0.7765
0.7865
0.78
0.7765
0.7895
0.7795
0.78
0.782
0.785
0.785
0.783
0.7815
0.7975
0.786
0.7915
0.7885
0.776
0.781
0.7745
0.7785
0.7935
0.783
0.7885
0.787
0.783
0.782
0.7825
0.7725
0.772
0.785
0.781
0.7755
0.7835
0.7785
0.781
0.78
0.7845
0.7875
0.783
0.7755
0.7765
0.781
0.7905
0.792
0.785
0.7865
0.796
0.7805
0.776
0.789
0.7865
0.7885
0.789
0.79
0.79
0.7835
0.785
0.782
0.777
0.785
0.7925
0.783
0.7825
0.784
0.7995
0.7825
0.7815
0.7765
0.7775
0.786
0.7895
0.7855
0.793
0.7845
0.791
0.782
0.7845
0.7875
0.7765
0.787
0.779
0.783
0.782
0.784
0.787
0.78
0.787
0.787
0.7865
0.782
0.7855
0.7865
0.7875
0.796
0.7905
0.7965
0.791
0.784
0.787
0.7855
0.789
0.794
0.794
0.788
0.7855
0.794
0.791
0.797
0.7905
0.801
0.793
0.7925
0.794
0.7895
0.791
0.796
0.79
0.7925
0.786
0.789
0.78
0.793
0.7865
0.7895
0.7855
0.797
0.783
0.793
0.783
0.7955
0.787
0.7925
0.7935
0.784
0.782
0.7825
0.782
0.7855
0.7885
0.7875
0.7775
0.7795
0.7985
0.7805
0.7875
0.787
0.779
0.7875
0.787
0.783
0.786
0.7795
0.7825
0.7845
0.7865
0.786
0.787
0.7845
0.783
0.786
0.783
0.7775
0.7915
0.7755
0.7885
0.7865
0.7995
0.783
0.7875
0.787
0.7955
0.78
0.777
0.7785
0.778
0.7915
0.788
0.7845
0.784
0.7905
0.7885
0.786
0.7855
0.7875
0.7845
0.7865
0.794
0.786
0.792
0.7805
0.783
0.791
0.787
0.7835
0.7785
0.7845
0.783
0.7855
0.78
0.7895
0.787
0.789
0.7855
0.787
0.784
0.7935
0.8205
0.7835
0.7835
0.7915
0.791
0.789
0.786
0.789
0.7815
0.7765
0.7835
0.7825
0.786
0.783
0.786
0.783
0.7835
0.784
0.7845
0.7835
0.7765
0.78
0.7855
0.7845
0.7875
0.7835
0.795
0.785
0.791
0.786
0.794
0.7825
0.7905
0.789
0.7815
0.784
0.7855
0.7855
0.7905
0.7845
0.7915
0.787
0.7915
0.7815
0.792
0.7815
0.7805
0.7835
0.7865
0.7745
0.7825
0.7825
0.777
0.7745
0.802
0.7795
0.787
0.7875
0.783
0.786
0.7835
0.784
0.778
0.7725
0.78
0.785
0.784
0.776
0.7865
0.777
0.7845
0.7855
0.782
0.787
0.7815
0.7795
0.769
0.781
0.777
0.7715
0.7765
0.7795
0.7775
0.79
0.7825
0.7765
0.785
0.7915
0.7795
0.775
0.777
0.7715
0.784
0.779
0.7855
0.778
0.772
0.781
0.7805
0.7855
0.7805
0.773
0.7765
0.7775
0.771
0.7785
0.776
0.774
0.776
0.7725
0.7825
0.776
0.7755
0.786
0.7815
0.7835
0.7825
0.787
0.7845
0.783
0.7845
0.775
0.783
0.7835
0.774
0.7845
0.791
0.7785
0.7805
0.7865
0.775
0.7765
0.778
0.7735
0.782
0.779
0.774
0.78
0.784
0.78
0.7765
0.7825
0.7765
0.7795
0.784
0.7805
0.7835
0.7755
0.7765
0.774
0.7825
0.784
0.7825
0.785
0.776
0.7845
0.781
0.779
0.784
0.7815
0.7805
0.783
0.7855
0.793
0.789
0.7795
0.772
0.7775
0.7815
0.776
0.785
0.7785
0.7935
0.79
0.7825
0.7835
0.778
0.784
0.783
0.7805
0.782
0.781
0.7855
0.7735
0.7805
0.773
0.775
0.781
0.7825
0.7835
0.786
0.7875
0.773
0.7765
0.781
0.7775
0.7845
0.7845
0.7885
0.777
0.788
0.7825
0.7855
0.778
0.778
0.7795
0.7755
0.7775
0.7775
0.7805
0.782
0.7795
0.7875
0.784
0.775
0.78
0.782
0.778
0.7825
0.783
0.782
0.782
0.791
0.791
0.783
0.778
0.783
0.779
0.784
0.786
0.7895
0.778
0.7915
0.789
0.792
0.7925
0.7955
0.8
0.788
0.7975
0.787
0.7935
0.789
0.792
0.787
0.791
0.7945
0.789
0.787
0.7935
0.79
0.7925
0.7865
0.79
0.796
0.793
0.791
0.78
0.793
0.789
0.7925
0.792
0.7985
0.7835
0.787
0.7935
0.78
0.788
0.7825
0.783
0.7845
0.782
0.7945
0.7855
0.7845
0.79
0.793
0.781
0.794
0.788
0.7875
0.7945
0.79
0.7805
0.784
0.7885
0.7875
0.793
0.782
0.7935
0.7775
0.7885
0.793
0.7895
0.79
0.7775
0.7745
0.797
0.7925
0.7855
0.778
0.7885
0.784
0.781
0.777
0.79
0.7825
0.786
0.7825
0.7885
0.7895
0.79
0.7905
0.7865
0.794
0.79
0.7985
0.798
0.789
0.7885
0.789
0.792
0.787
0.785
0.7885
0.781
0.7845
0.797
0.7935
0.787
0.802
0.7925
0.7905
0.802
0.7955
0.789
0.7845
0.7955
0.7885
0.7855
0.793
0.79
0.7915
0.794
0.7935
0.787
0.7835
0.7845
0.791
0.794
0.79
0.797
0.796
0.792
0.7865
0.785
0.789
0.782
0.7815
0.784
0.782
0.7795
0.7785
0.788
0.7845
0.788
0.7825
0.7825
0.788
0.793
0.7945
0.786
0.787
0.7885
0.7875
0.7835
0.79
0.7875
0.8035
0.7915
0.7895
0.787
0.8
0.792
0.795
0.792
0.792
0.786
0.793
0.7905
0.788
0.7975
0.7865
0.7905
0.787
0.7945
0.7945
0.791
0.7915
0.7925
0.7875
0.787
0.7855
0.7795
0.7895
0.799
0.7895
0.7955
0.789
0.7985
0.795
0.7875
0.796
0.789
0.7925
0.7955
0.795
0.7935
0.787
0.789
0.787
0.7805
0.787
0.793
0.7825
0.7905
0.788
0.7795
0.796
0.7945
0.7815
0.794
0.787
0.789
0.7885
0.795
0.7205
0.79
0.794
0.791
0.7935
0.787
0.797
0.7835
0.79
0.788
0.7815
0.7855
0.794
0.7935
0.795
0.8035
0.784
0.7825
0.7855
0.7875
0.786
0.7935
0.778
0.7845
0.7935
0.784
0.7875
0.787
0.786
0.7765
0.78
0.7835
0.787
0.783
0.79
0.789
0.7865
0.7795
0.786
0.7895
0.7945
0.7975
0.7915
0.7935
0.7925
0.7955
0.795
0.796
0.792
0.7915
0.797
0.7875
0.782
0.79
0.791
0.7885
0.7815
0.7925
0.7975
0.7845
0.7835
0.7855
0.79
0.7875
0.7915
0.7935
0.7895
0.7895
0.8035
0.7905
0.801
0.777
0.786
0.7935
0.787
0.784
0.794
0.786
0.791
0.7925
0.7905
0.792
0.789
0.7895
0.786
0.7835
0.781
0.7825
0.794
0.7885
0.7895
0.794
0.791
0.7935
0.7975
0.79
0.792
0.7905
0.7945
0.789
0.7995
0.784
0.8015
0.788
0.799
0.789
0.794
0.7965
0.788
0.791
0.7935
0.7965
0.792
0.794
0.7985
0.791
0.801
0.798
0.795
0.7915
0.7945
0.793
0.7945
0.7955
0.7945
0.7935
0.796
0.803
0.796
0.801
0.79
0.7985
0.7955
0.796
0.795
0.8005
0.797
0.7975
0.8045
0.795
0.79
0.796
0.7935
0.795
0.786
0.8
0.791
0.798
0.798
0.7905
0.7935
0.786
0.7905
0.799
0.7905
0.7965
0.787
0.7955
0.786
0.7875
0.7875
0.7905
0.7865
0.794
0.7925
0.789
0.79
0.7885
0.777
0.789
0.7875
0.787
0.789
0.7835
0.7975
0.785
0.7895
0.7875
0.798
0.7925
0.788
0.7935
0.785
0.7865
0.7875
0.796
0.7865
0.776
0.7965
0.788
0.79
0.789
0.789
0.7925
0.789
0.797
0.7915
0.791
0.792
0.7835
0.7905
0.7835
0.7845
0.783
0.781
0.784
0.79
0.784
0.7895
0.7965
0.7865
0.7895
0.7875
0.79
0.7955
0.7965
0.793
0.791
0.782
0.783
0.7885
0.78
0.7815
0.7835
0.7895
0.792
0.787
0.782
0.7795
0.783
0.78
0.7865
0.788
0.788
0.7875
0.7805
0.7875
0.794
0.7875
0.7895
0.7875
0.7955
0.7945
0.784
0.7835
0.786
0.7825
0.784
0.7915
0.7925
0.7895
0.7845
0.7975
0.803
0.7945
0.7915
0.7935
0.7925
0.792
0.792
0.788
0.7985
0.795
0.787
0.79
0.7925
0.789
0.7945
0.788
0.787
0.7905
0.798
0.807
0.803
0.805
0.8005
0.7975
0.7905
0.797
0.7915
0.793
0.7955
0.7945
0.7985
0.8005
0.7925
0.796
0.7985
0.7815
0.797
0.8
0.791
0.8
0.7965
0.793
0.8
0.795
0.7995
0.8025
0.809
0.7995
0.798
0.7995
0.788
0.7965
0.7945
0.7935
0.8005
0.7965
0.8035
0.795
0.796
0.797
0.7955
0.809
0.799
0.797
0.8
0.7955
0.7855
0.798
0.7955
0.8
0.8005
0.8015
0.791
0.796
0.787
0.789
0.801
0.7955
0.796
0.8025
0.7935
0.7975
0.803
0.7925
0.795
0.8005
0.802
0.8035
0.7925
0.793
0.798
0.8005
0.802
0.79
0.8035
0.802
0.797
0.8025
0.801
0.808
0.7995
0.8005
0.798
0.8
0.8065
0.802
0.804
0.8105
0.802
0.809
0.8045
0.801
0.798
0.794
0.7995
0.8025
0.8015
0.7985
0.8095
0.8005
0.7935
0.8065
0.8095
0.796
0.789
0.796
0.7915
0.79
0.7995
0.7925
0.7915
0.7855
0.7965
0.789
0.78
0.7935
0.7945
0.79
0.7915
0.7875
0.798
0.7985
0.7865
0.806
0.795
0.7835
0.7885
0.7885
0.7955
0.8005
0.7995
0.807
0.7975
0.7945
0.804
0.798
0.793
0.7935
0.8015
0.798
0.7895
0.8005
0.7955
0.788
0.787
0.7915
0.7905
0.7935
0.796
0.789
0.7945
0.797
0.8005
0.7955
0.789
0.787
0.7955
0.7995
0.7955
0.7875
0.7915
0.7955
0.7945
0.7955
0.7955
0.7915
0.7975
0.797
0.799
0.7975
0.7945
0.783
0.793
0.8
0.8015
0.806
0.807
0.798
0.8015
0.7975
0.7915
0.8035
0.8015
0.794
0.8025
0.7995
0.7975
0.7965
0.805
0.798
0.8005
0.801
0.7965
0.7995
0.8095
0.807
0.787
0.802
0.7845
0.799
0.797
0.8025
0.7945
0.797
0.7985
0.794
0.7955
0.797
0.8085
0.8015
0.8015
0.7925
0.7965
0.7955
0.7935
0.7845
0.807
0.7985
0.807
0.799
0.793
0.8
0.789
0.8005
0.791
0.7945
0.7885
0.804
0.799
0.796
0.796
0.7955
0.7965
0.7945
0.801
0.795
0.8015
0.799
0.802
0.8025
0.8145
0.805
0.801
0.7995
0.7915
0.805
0.8035
0.803
0.8025
0.809
0.8025
0.802
0.802
0.801
0.8
0.799
0.8
0.802
0.795
0.7885
0.801
0.8035
0.788
0.796
0.7945
0.7865
0.7835
0.7875
0.7845
0.794
0.7955
0.7915
0.7915
0.7945
0.7965
0.783
0.782
0.792
0.806
0.79
0.794
0.7905
0.786
0.791
0.7875
0.806
0.7965
0.789
0.787
0.7915
0.7975
0.7935
0.8015
0.797
0.794
0.7995
0.7915
0.788
0.7995
0.7885
0.7925
0.794
0.798
0.792
0.8025
0.796
0.791
0.801
0.7945
0.795
0.797
0.794
0.802
0.7975
0.788
0.789
0.8015
0.804
0.801
0.796
0.8105
0.808
0.7985
0.796
0.801
0.8045
0.7985
0.803
0.7925
0.794
0.7955
0.8
0.8
0.805
0.7925
0.7945
0.7945
0.796
0.796
0.7965
0.816
0.8005
0.799
0.793
0.8035
0.796
0.793
0.7945
0.7995
0.79
0.802
0.7985
0.8015
0.7935
0.791
0.8
0.794
0.792
0.801
0.793
0.7885
0.8025
0.7975
0.8005
0.806
0.795
0.796
0.7925
0.8
0.7925
0.8065
0.8
0.8005
0.7925
0.8015
0.8015
0.806
0.7955
0.79
0.7955
0.802
0.801
0.805
0.792
0.804
0.791
0.8015
0.8085
0.807
0.802
0.8005
0.8045
0.7985
0.801
0.7955
0.798
0.7915
0.799
0.7955
0.801
0.801
0.797
0.806
0.8055
0.7975
0.7905
0.7935
0.8005
0.7955
0.801
0.7925
0.798
0.79
0.7985
0.795
0.7925
0.7965
0.7895
0.791
0.793
0.8025
0.7985
0.806
0.7955
0.7965
0.8105
0.801
0.8125
0.8035
0.8125
0.8035
0.8
0.8085
0.809
0.8025
0.8075
0.8075
0.8115
0.8105
0.8115
0.808
0.8035
0.8045
0.8075
0.805
0.812
0.8065
0.8115
0.808
0.803
0.8095
0.809
0.809
0.8075
0.8105
0.807
0.811
0.8095
0.816
0.8075
0.8145
0.817
0.8165
0.8135
0.807
0.8075
0.8075
0.804
0.802
0.7935
0.803
0.807
0.8065
0.811
0.803
0.8105
0.8035
0.801
0.814
0.803
0.795
0.8
0.803
0.8065
0.7995
0.7945
0.7975
0.8025
0.8055
0.797
0.8085
0.7965
0.8125
0.803
0.8025
0.8005
0.802
0.795
0.8
0.8005
0.7995
0.7985
0.797
0.7875
0.792
0.791
0.796
0.788
0.7985
0.782
0.7845
0.8
0.7875
0.794
0.7915
0.7975
0.7935
0.7945
0.8005
0.787
0.801
0.789
0.7915
0.792
0.7805
0.8045
0.797
0.7895
0.7915
0.7915
0.801
0.7915
0.802
0.7885
0.803
0.795
0.796
0.796
0.7925
0.799
0.783
0.7945
0.7905
0.782
0.7895
0.786
0.789
0.793
0.7875
0.793
0.7855
0.784
0.793
0.7915
0.791
0.779
0.789
0.791
0.7915
0.788
0.789
0.7855
0.791
0.7935
0.7845
0.7945
0.791
0.7965
0.7905
0.791
0.79
0.804
0.8005
0.792
0.7975
0.7955
0.7925
0.7915
0.801
0.797
0.794
0.786
0.7915
0.7915
0.789
0.8025
0.792
0.792
0.785
0.784
0.793
0.7935
0.8045
0.7915
0.789
0.796
0.794
0.8005
0.802
0.794
0.801
0.806
0.7995
0.791
0.8005
0.796
0.799
0.79
0.7905
0.79
0.791
0.7965
0.799
0.7895
0.7955
0.7905
0.793
0.7945
0.7935
0.7975
0.801
0.805
0.8055
0.797
0.8
0.7905
0.7955
0.8
0.7855
0.7915
0.8
0.807
0.8005
0.807
0.7995
0.8105
0.8105
0.799
0.8105
0.8055
0.814
0.8095
0.8015
0.814
0.801
0.797
0.8065
0.7995
0.806
0.804
0.7975
0.8075
0.807
0.7975
0.796
0.8025
0.8045
0.8035
0.804
0.8055
0.8095
0.817
0.804
0.8065
0.798
0.81
0.7995
0.808
0.807
0.8135
0.81
0.8025
0.8015
0.7965
0.8055
0.7935
0.7955
0.8025
0.7965
0.805
0.799
0.7955
0.8035
0.7985
0.806
0.802
0.8125
0.801
0.8155
0.8065
0.8145
0.8015
0.8055
0.801
0.799
0.803
0.8065
0.795
0.8
0.7935
0.7995
0.797
0.802
0.8085
0.792
0.8045
0.809
0.806
0.811
0.8075
0.8025
0.8095
0.8015
0.8005
0.7985
0.8025
0.806
0.8095
0.808
0.812
0.8035
0.804
0.8185
0.803
0.807
0.8165
0.811
0.805
0.8125
0.812
0.81
0.8095
