0.1065
0.143
0.18
0.2005
0.2135
0.2285
0.244
0.252
0.262
0.2715
0.2885
0.301
0.3
0.3095
0.318
0.33
0.3325
0.327
0.345
0.349
0.352
0.3535
0.359
0.364
0.3665
0.368
0.38
0.371
0.3785
0.381
0.3785
0.389
0.3925
0.391
0.403
0.4035
0.4115
0.399
0.4075
0.417
0.4335
0.4225
0.428
0.439
0.4285
0.4275
0.426
0.4265
0.439
0.4345
0.4435
0.4405
0.455
0.4475
0.451
0.4555
0.4635
0.4555
0.463
0.4685
0.462
0.472
0.457
0.4745
0.4725
0.4845
0.4905
0.4815
0.4815
0.496
0.488
0.489
0.4935
0.501
0.506
0.507
0.507
0.51
0.5185
0.5
0.5105
0.5095
0.5095
0.508
0.5225
0.518
0.5175
0.5225
0.533
0.522
0.5325
0.5375
0.5405
0.544
0.5405
0.5415
0.539
0.5425
0.548
0.549
0.553
0.546
0.5565
0.557
0.5495
0.556
0.56
0.566
0.5575
0.562
0.5625
0.56
0.572
0.5685
0.5605
0.5765
0.5705
0.5755
0.5715
0.567
0.5575
0.5725
0.5765
0.573
0.5815
0.58
0.574
0.5775
0.5955
0.584
0.5825
0.5965
0.5885
0.5915
0.5875
0.5905
0.5945
0.59
0.595
0.607
0.598
0.591
0.599
0.607
0.604
0.5995
0.604
0.6055
0.604
0.593
0.606
0.6055
0.6115
0.608
0.6125
0.611
0.617
0.617
0.6185
0.6145
0.609
0.6225
0.6165
0.622
0.6195
0.624
0.625
0.61
0.6295
0.6265
0.6355
0.6225
0.6315
0.628
0.6245
0.635
0.6365
0.6385
0.6305
0.6415
0.633
0.623
0.6405
0.638
0.642
0.631
0.6465
0.6395
0.6455
0.64
0.643
0.6405
0.656
0.649
0.653
0.648
0.6535
0.657
0.652
0.652
0.665
0.6515
0.6555
0.657
0.652
0.657
0.6535
0.655
0.658
0.6615
0.6685
0.6595
0.661
0.6575
0.669
0.6625
0.669
0.662
0.6675
0.672
0.6665
0.6695
0.6655
0.6725
0.663
0.6705
0.673
0.6715
0.667
0.664
0.6745
0.682
0.678
0.6815
0.672
0.6735
0.6715
0.6715
0.679
0.659
0.674
0.664
0.673
0.671
0.6745
0.678
0.665
0.6745
0.6725
0.6725
0.681
0.6775
0.676
0.682
0.677
0.683
0.683
0.675
0.6855
0.677
0.6765
0.6845
0.6805
0.677
0.6845
0.685
0.6795
0.6865
0.685
0.689
0.6835
0.6825
0.686
0.694
0.689
0.6785
0.6865
0.6825
0.6825
0.69
0.692
0.689
0.6865
0.6825
0.6875
0.6865
0.695
0.6895
0.688
0.6955
0.6855
0.682
0.69
0.6905
0.689
0.6805
0.6925
0.685
0.69
0.693
0.684
0.6925
0.6925
0.7
0.697
0.694
0.6935
0.6955
0.693
0.692
0.6845
0.6865
0.6985
0.696
0.7
0.6925
0.6925
0.6905
0.6995
0.703
0.69
0.7005
0.6965
0.6995
0.704
0.694
0.7005
0.6975
0.6935
0.7025
0.7005
0.6965
0.6995
0.697
0.6965
0.6905
0.6965
0.69
0.696
0.693
0.6955
0.698
0.6975
0.695
0.706
0.697
0.6945
0.6985
0.704
0.7005
0.6935
0.695
0.6965
0.7005
0.7095
0.695
0.6985
0.6965
0.6995
0.697
0.6925
0.6995
0.699
0.696
0.6965
0.7025
0.698
0.7015
0.6965
0.6955
0.691
0.698
0.6935
0.703
0.7025
0.6915
0.7
0.6915
0.7035
0.6925
0.7005
0.7005
0.6995
0.6945
0.6985
0.6895
0.704
0.697
0.6985
0.7
0.687
0.7105
0.691
0.6935
0.698
0.697
0.6885
0.6965
0.695
0.6955
0.696
0.7015
0.6995
0.7
0.7075
0.703
0.7085
0.7025
0.6925
0.6955
0.7015
0.7045
0.7005
0.711
0.705
0.708
0.699
0.7075
0.709
0.7095
0.7115
0.7055
0.706
0.705
0.712
0.7085
0.707
0.713
0.7065
0.708
0.7045
0.71
0.7145
0.7035
0.7075
0.7045
0.71
0.6985
0.7165
0.7135
0.7075
0.719
0.712
0.711
0.7115
0.7215
0.7205
0.7115
0.707
0.7075
0.7115
0.709
0.712
0.7065
0.704
0.7185
0.722
0.713
0.7235
0.7215
0.7175
0.718
0.7215
0.7255
0.7235
0.7195
0.726
0.718
0.719
0.719
0.719
0.72
0.718
0.7175
0.7305
0.727
0.7355
0.723
0.7215
0.7335
0.7205
0.717
0.7225
0.721
0.721
0.717
0.7135
0.7195
0.7215
0.7235
0.719
0.7255
0.713
0.7125
0.719
0.7285
0.721
0.7175
0.7115
0.7155
0.722
0.7155
0.7115
0.7145
0.727
0.718
0.714
0.7175
0.7135
0.7145
0.725
0.7105
0.716
0.719
0.7155
0.7155
0.7165
0.718
0.718
0.713
0.717
0.7145
0.7085
0.7195
0.7105
0.728
0.7165
0.7225
0.716
0.7195
0.7205
0.715
0.7265
0.7245
0.7215
0.716
0.7165
0.7185
0.7155
0.719
0.716
0.7275
0.721
0.7225
0.7155
0.7225
0.7255
0.732
0.725
0.7265
0.7295
0.7235
0.7125
0.73
0.729
0.72
0.727
0.727
0.727
0.7275
0.7235
0.7175
0.734
0.724
0.727
0.7325
0.7275
0.7265
0.732
0.7175
0.7215
0.7255
0.722
0.732
0.728
0.723
0.7225
0.7375
0.7325
0.731
0.729
0.7265
0.727
0.721
0.729
0.721
0.725
0.7235
0.721
0.721
0.725
0.7335
0.7255
0.728
0.728
0.727
0.722
0.714
0.724
0.723
0.7255
0.735
0.7315
0.726
0.7315
0.7255
0.7195
0.7255
0.722
0.7265
0.716
0.721
0.7285
0.711
0.7265
0.72
0.7285
0.717
0.724
0.72
0.7225
0.7245
0.722
0.718
0.7245
0.7265
0.7275
0.7245
0.73
0.724
0.7175
0.7325
0.7295
0.73
0.7235
0.7285
0.7205
0.722
0.723
0.7195
0.7365
0.7375
0.722
0.7345
0.728
0.726
0.722
0.7245
0.7275
0.7245
0.7235
0.722
0.726
0.7365
0.7175
0.7315
0.729
0.722
0.7275
0.718
0.7225
0.7225
0.722
0.7225
0.7195
0.727
0.7235
0.7235
0.7275
0.7325
0.742
0.7195
0.718
0.7205
0.724
0.7225
0.727
0.732
0.725
0.723
0.724
0.717
0.722
0.7105
0.7265
0.7225
0.7255
0.724
0.717
0.7255
0.7195
0.716
0.7195
0.7345
0.722
0.7185
0.729
0.72
0.729
0.7275
0.732
0.724
0.727
0.7335
0.725
0.7305
0.7275
0.738
0.732
0.7245
0.731
0.7315
0.742
0.7345
0.728
0.7315
0.7395
0.737
0.735
0.7265
0.735
0.7335
0.7325
0.7325
0.7355
0.7335
0.7255
0.7265
0.7365
0.7265
0.7365
0.7355
0.741
0.7355
0.7345
0.739
0.7325
0.728
0.731
0.7285
0.728
0.7305
0.734
0.736
0.7355
0.7275
0.7345
0.73
0.728
0.724
0.7285
0.7325
0.7255
0.7245
0.722
0.73
0.7275
0.7255
0.7215
0.7225
0.738
0.728
0.726
0.73
0.724
0.728
0.734
0.7305
0.731
0.7215
0.723
0.734
0.729
0.727
0.7265
0.7195
0.7205
0.723
0.726
0.7285
0.7245
0.7265
0.728
0.727
0.724
0.7205
0.7295
0.726
0.7325
0.7315
0.722
0.737
0.7185
0.7385
0.7255
0.734
0.725
0.7275
0.731
0.732
0.74
0.7285
0.73
0.726
0.7375
0.734
0.733
0.732
0.7295
0.7335
0.7395
0.732
0.724
0.7315
0.738
0.7215
0.733
0.732
0.7275
0.734
0.7305
0.7335
0.731
0.723
0.724
0.727
0.7165
0.732
0.7325
0.7345
0.7265
0.7265
0.733
0.719
0.7295
0.73
0.728
0.7345
0.732
0.7305
0.727
0.7325
0.724
0.724
0.7295
0.73
0.7365
0.724
0.732
0.7335
0.728
0.7255
0.724
0.7265
0.731
0.725
0.734
0.728
0.7405
0.7275
0.736
0.7295
0.7305
0.726
0.7235
0.7245
0.7275
0.7315
0.7305
0.723
0.7265
0.729
0.72
0.735
0.7255
0.7225
0.7295
0.727
0.727
0.73
0.7305
0.729
0.7345
0.7175
0.7195
0.722
0.7295
0.7275
0.7185
0.732
0.7215
0.717
0.717
0.7215
0.726
0.718
0.72
0.7165
0.725
0.7205
0.7175
0.715
0.7215
0.717
0.732
0.721
0.721
0.7325
0.7235
0.7125
0.7155
0.722
0.7145
0.721
0.7195
0.716
0.711
0.7195
0.7135
0.7235
0.7125
0.717
0.7195
0.7215
0.714
0.713
0.719
0.7245
0.715
0.7205
0.725
0.7225
0.7175
0.712
0.712
0.7125
0.72
0.7185
0.7215
0.723
0.7165
0.725
0.7215
0.722
0.7215
0.7215
0.7185
0.722
0.7255
0.727
0.724
0.7105
0.7215
0.7155
0.711
0.718
0.7275
0.7125
0.7155
0.7255
0.7185
0.717
0.727
0.7235
0.718
0.726
0.7145
0.7185
0.7265
0.716
0.711
0.724
0.7235
0.7215
0.7135
0.7245
0.7225
0.7215
0.7245
0.7205
0.7275
0.7165
0.726
0.7145
0.7205
0.721
0.7205
0.71
0.718
0.7325
0.72
0.721
0.713
0.7185
0.7245
0.7165
0.7165
0.722
0.716
0.7185
0.719
0.729
0.717
0.722
0.7245
0.7085
0.7175
0.7355
0.7245
0.726
0.724
0.7295
0.728
0.721
0.723
0.723
0.728
0.7235
0.7305
0.7235
0.7235
0.718
0.7235
0.7225
0.7245
0.7295
0.7275
0.7245
0.728
0.725
0.733
0.7335
0.7285
0.725
0.7235
0.7205
0.723
0.726
0.7255
0.7155
0.7235
0.726
0.716
0.717
0.7225
0.7275
0.7255
0.7335
0.715
0.7225
0.722
0.728
0.7225
0.652
0.729
0.7325
0.727
0.718
0.7225
0.7185
0.723
0.7275
0.728
0.724
0.7285
0.718
0.7205
0.724
0.7335
0.724
0.724
0.7235
0.7265
0.728
0.72
0.721
0.7235
0.731
0.728
0.73
0.73
0.7245
0.738
0.721
0.7225
0.7215
0.727
0.719
0.72
0.7225
0.73
0.722
0.7185
0.7275
0.7175
0.707
0.7205
0.723
0.7195
0.716
0.7185
0.725
0.7215
0.729
0.7275
0.7195
0.72
0.7195
0.718
0.7245
0.723
0.7225
0.7235
0.7095
0.715
0.7195
0.718
0.7235
0.6945
0.7235
0.713
0.711
0.718
0.72
0.7175
0.716
0.7185
0.718
0.719
0.7165
0.7175
0.7095
0.729
0.7205
0.716
0.722
0.721
0.714
0.712
0.713
0.722
0.7275
0.7145
0.725
0.725
0.725
0.724
0.7235
0.717
0.72
0.711
0.718
0.7085
0.72
0.722
0.7145
0.714
0.719
0.7195
0.7145
0.725
0.717
0.7245
0.721
0.7085
0.7235
0.729
0.7275
0.72
0.714
0.721
0.725
0.7155
0.722
0.7245
0.7215
0.7215
0.723
0.73
0.73
0.7235
0.723
0.718
0.731
0.7285
0.7185
0.7165
0.7315
0.726
0.7215
0.723
0.7375
0.7145
0.7155
0.725
0.7115
0.72
0.716
0.718
0.732
0.717
0.72
0.7205
0.725
0.717
0.722
0.721
0.724
0.7195
0.728
0.7255
0.725
0.719
0.7205
0.719
0.717
0.7195
0.7225
0.712
0.7105
0.714
0.724
0.7275
0.722
0.7255
0.721
0.709
0.7185
0.7275
0.728
0.7245
0.7305
0.7145
0.7255
0.7315
0.7225
0.7295
0.731
0.724
0.7235
0.728
0.74
0.7245
0.723
0.7275
0.7225
0.722
0.7235
0.72
0.7225
0.724
0.718
0.714
0.7165
0.7125
0.7265
0.7115
0.7195
0.724
0.7195
0.715
0.7185
0.7215
0.725
0.715
0.718
0.713
0.717
0.7195
0.722
0.719
0.72
0.7245
0.7255
0.7275
0.719
0.723
0.716
0.724
0.724
0.7215
0.7175
0.7225
0.7225
0.722
0.721
0.7175
0.722
0.723
0.7235
0.723
0.716
0.713
0.7265
0.7145
0.7215
0.7255
0.73
0.7245
0.7175
0.73
0.717
0.7105
0.721
0.719
0.729
0.725
0.719
0.72
0.7275
0.7185
0.718
0.7255
0.73
0.7175
0.7245
0.723
0.7205
0.719
0.728
0.716
0.726
0.731
0.7205
0.7225
0.7285
0.7295
0.737
0.7275
0.7355
0.727
0.729
0.722
0.7325
0.7285
0.722
0.7255
0.7285
0.7225
0.7235
0.7305
0.72
0.7135
0.7165
0.724
0.724
0.723
0.717
0.734
0.7175
0.721
0.7275
0.721
0.7255
0.7165
0.715
0.7215
0.713
0.7265
0.719
0.7135
0.7235
0.7185
0.718
0.7155
0.72
0.7225
0.72
0.72
0.7275
0.7235
0.7215
0.714
0.7245
0.719
0.72
0.725
0.7255
0.7185
0.7185
0.72
0.7245
0.7305
0.723
0.724
0.7285
0.724
0.7225
0.7175
0.717
0.718
0.721
0.724
0.7215
0.7205
0.726
0.715
0.7245
0.7205
0.7185
0.723
0.7205
0.7205
0.7215
0.7155
0.7095
0.7205
0.7225
0.7195
0.709
0.7145
0.7145
0.712
0.718
0.717
0.7215
0.715
0.713
0.7175
0.718
0.721
0.7115
0.719
0.7225
0.717
0.716
0.717
0.717
0.708
0.7145
0.715
0.719
0.7175
0.7155
0.7125
0.712
0.7195
0.715
0.7195
0.7165
0.7155
0.7165
0.7165
0.716
0.7225
0.7195
0.7155
0.71
0.712
0.71
0.722
0.7145
0.7045
0.716
0.7205
0.7165
0.7125
0.71
0.716
0.7205
0.712
0.7155
0.716
0.71
0.709
0.7
0.7155
0.7145
0.7125
0.7045
0.7125
0.7055
0.7215
0.707
0.708
0.7125
0.7055
0.7035
0.7105
0.7055
0.708
0.7105
0.7105
0.7185
0.709
0.7125
0.707
0.71
0.7095
0.704
0.7045
0.7105
0.699
0.7085
0.7055
0.709
0.711
0.713
0.7145
0.709
0.7055
0.703
0.707
0.7065
0.712
0.7025
0.7135
0.707
0.7085
0.713
0.716
0.7075
0.7095
0.709
0.702
0.724
0.7115
0.7135
0.711
0.718
0.713
0.704
0.7095
0.711
0.71
0.713
0.7125
0.717
0.713
0.7075
0.7145
0.718
0.704
0.714
0.712
0.7135
0.7185
0.699
0.7125
0.708
0.711
0.7165
0.7085
0.705
0.708
0.7095
0.7075
0.715
0.71
0.712
0.7155
0.7135
0.709
0.7085
0.7075
0.701
0.7
0.701
0.714
0.7115
0.7105
0.708
0.7065
0.702
0.7215
0.7065
0.7135
0.7025
0.7065
0.714
0.7115
0.7125
0.7145
0.706
0.709
0.704
0.697
0.7045
0.7125
0.704
0.7075
0.714
0.7125
0.705
0.708
0.712
0.7085
0.7125
0.711
0.71
0.708
0.7085
0.703
0.7075
0.7035
0.7125
0.7085
0.701
0.703
0.7055
0.7005
0.7155
0.7075
0.6975
0.707
0.7015
0.702
0.704
0.711
0.704
0.708
0.704
0.702
0.709
0.706
0.711
0.7055
0.7075
0.711
0.7075
0.705
0.7045
0.7045
0.707
0.711
0.7025
0.7095
0.7025
0.71
0.7025
0.705
0.7
0.704
0.7075
0.705
0.7095
0.711
0.7115
0.72
0.706
0.705
0.703
0.708
0.7105
0.71
0.7095
0.716
0.7045
0.7165
0.712
0.708
0.704
0.7105
0.721
0.714
0.716
0.708
0.7125
0.7105
0.716
0.715
0.7125
0.714
0.7135
0.708
0.7055
0.7105
0.715
0.711
0.7075
0.709
0.7035
0.698
0.7075
0.7135
0.7005
0.717
0.706
0.706
0.7065
0.691
0.7035
0.7005
0.699
0.7115
0.709
0.701
0.698
0.694
0.696
0.6955
0.697
0.6985
0.6945
0.6985
0.7005
0.6925
0.702
0.6985
0.6875
0.7005
0.701
0.6915
0.698
0.7005
0.698
0.698
0.699
0.7035
0.709
0.693
0.7
0.702
0.696
0.6865
0.6995
0.7
0.698
0.704
0.702
0.7005
0.702
0.704
0.7055
0.698
0.7055
0.6955
0.706
0.7055
0.7015
0.6955
0.696
0.6955
0.701
0.695
0.6925
0.6905
0.695
0.69
0.701
0.7045
0.6955
0.6995
0.6945
0.6935
0.69
0.6895
0.6895
0.682
0.6875
0.689
0.684
0.6925
0.6875
0.6905
0.692
0.6925
0.69
0.6925
0.699
0.692
0.6955
0.7005
0.6995
0.694
0.704
0.6985
0.7005
0.698
0.701
0.696
0.699
0.697
0.6905
0.7035
0.7035
0.704
0.705
0.6985
0.7015
0.7065
0.7015
0.697
0.699
0.71
0.6985
0.7
0.702
0.706
0.7045
0.7025
0.694
0.6985
0.6995
0.7
0.702
0.7025
0.7075
0.6995
0.698
0.7045
0.705
0.703
0.7085
0.6975
0.7045
0.698
0.7065
0.6975
0.701
0.687
0.6945
0.7
0.7115
0.7005
0.696
0.708
0.698
0.7045
0.697
0.7
0.7035
0.705
0.6985
0.6855
0.7015
0.7055
0.689
0.707
0.698
0.701
0.6925
0.6965
0.695
0.695
0.693
0.694
0.6995
0.687
0.697
0.694
0.695
0.687
0.695
0.69
0.695
0.6915
0.695
0.6905
0.6985
0.696
0.6935
0.698
0.692
0.698
0.689
0.693
0.6895
0.6975
0.693
0.69
0.7045
0.695
0.7015
0.698
0.7005
0.702
0.702
0.698
0.693
0.707
0.692
0.701
0.7
0.6975
0.6965
0.694
0.6895
0.699
0.693
0.679
0.6915
0.688
0.694
0.699
0.6905
0.6935
0.693
0.6855
0.696
0.696
0.694
0.6925
0.694
0.698
0.7005
0.697
0.689
0.683
0.6975
0.7
0.6965
0.699
0.709
0.69
0.6965
0.6985
0.687
0.689
0.6975
0.701
0.6945
0.702
0.692
0.6905
0.691
0.687
0.697
0.6885
0.677
0.6915
0.7
0.699
0.6935
0.691
0.6875
0.694
0.6885
0.6835
0.686
0.6915
0.6945
0.69
0.6915
0.688
0.6875
0.6855
0.696
0.689
0.691
0.693
0.6865
0.6845
0.6865
0.689
0.688
0.6935
0.706
0.692
0.6955
0.7005
0.7105
0.699
0.693
0.6935
0.6985
0.6935
0.6955
0.701
0.7
0.69
0.694
0.6965
0.696
0.699
0.6995
0.6925
0.7025
0.696
0.696
0.7
0.6865
0.6925
0.706
0.704
0.698
0.7
0.7005
0.704
0.6975
0.6945
0.6945
0.702
0.7035
0.6905
0.7035
0.701
0.695
0.7035
0.6965
0.704
0.7065
0.7035
0.7045
0.6985
0.705
0.7105
0.7005
0.6955
0.7
0.6975
0.704
0.6995
0.703
0.7055
0.7005
0.6915
0.7035
0.7025
0.693
0.694
0.697
0.6935
0.69
0.688
0.6965
0.6985
0.699
0.693
0.6945
0.6805
0.7035
0.6865
0.695
0.7
0.7065
0.702
0.6975
0.6945
0.6925
0.7045
0.698
0.688
0.699
0.6915
0.6845
0.703
0.7055
0.7035
0.7005
0.7055
0.698
0.7005
0.7035
0.697
0.6975
0.7005
0.6985
0.6965
0.694
0.702
0.6955
0.698
0.6935
0.6965
0.697
0.693
0.6875
0.6985
0.6985
0.7005
0.6955
0.6945
0.698
0.6955
0.6885
0.694
0.697
0.692
0.6955
0.698
0.6975
0.69
0.6915
0.6915
0.6885
0.6945
0.6905
0.6935
0.691
0.697
0.688
0.708
0.6945
0.6985
0.6915
0.6885
0.697
0.686
0.6865
0.687
0.693
0.698
0.6985
0.6885
0.688
0.6865
0.69
0.6895
0.6915
0.6955
0.695
0.6905
0.7005
0.6925
0.696
0.6915
0.683
0.6975
0.695
0.6995
0.6935
0.6925
0.7205
0.687
0.687
0.6925
0.696
0.6835
0.6905
0.6855
0.6895
0.693
0.6795
0.6845
0.6935
0.6825
0.682
0.694
0.6855
0.6875
0.684
0.689
0.6825
0.6925
0.6955
0.6855
0.686
0.679
0.689
0.6835
0.704
0.688
0.697
0.685
0.684
0.6875
0.6865
0.6825
0.6825
0.6875
0.6885
0.6895
0.6875
0.6835
0.6865
0.6865
0.6865
0.6865
0.6895
0.6835
0.686
0.694
0.6855
0.6865
0.6875
0.6905
0.6895
0.6855
0.68
0.685
0.69
0.6765
0.685
0.669
0.6845
0.686
0.684
0.684
0.6825
0.6905
0.68
0.6875
0.6905
0.6715
0.6825
0.6825
0.6835
0.6945
0.6985
0.6785
0.687
0.6845
0.6925
0.694
0.6875
0.687
0.6885
0.685
0.691
0.68
0.69
0.6745
0.6955
0.6825
0.6865
0.686
0.686
0.6805
0.68
0.6905
0.6815
0.6885
0.683
0.6805
0.691
0.682
0.687
0.68
0.6815
0.677
0.6855
0.679
0.6885
0.6835
0.6755
0.687
0.682
0.6825
0.6905
0.674
0.6845
0.686
0.676
0.685
0.686
0.6855
0.6885
0.6835
0.6775
0.6855
0.6905
0.6855
0.6865
0.6845
0.682
0.683
0.6925
0.6815
0.6895
0.6845
0.6845
0.6815
0.6815
0.6905
0.6895
0.6845
0.6905
0.679
0.685
0.692
0.6925
0.6905
0.689
0.6815
0.6865
0.68
0.6885
0.6905
0.685
0.683
0.6835
0.689
0.686
0.683
0.6945
0.686
0.6845
0.6885
0.688
0.688
0.6835
0.6885
0.68
0.6825
0.682
0.682
0.681
0.689
0.6825
0.682
0.6815
0.681
0.6815
0.68
0.682
0.6865
0.68
0.681
0.685
0.6815
0.678
0.6825
0.691
0.6855
0.6835
0.679
0.6875
0.677
0.6835
0.686
0.683
0.68
0.677
0.6835
0.673
0.6845
0.683
0.673
0.683
0.686
0.6855
0.675
0.6785
0.676
0.668
0.679
0.6805
0.6815
0.667
0.675
0.68
0.676
0.6825
0.671
0.68
0.673
0.6735
0.672
0.672
0.6695
0.667
0.675
0.6775
0.6715
0.6755
0.6735
0.6735
0.665
0.669
0.6675
0.669
0.6795
0.669
0.6775
0.6785
0.678
0.676
0.671
0.6735
0.6785
0.679
0.6825
0.679
0.674
0.681
0.677
0.69
0.6785
0.6805
0.682
0.68
0.684
0.679
0.672
0.68
0.677
0.676
0.674
0.682
0.6855
0.6745
0.6795
0.678
0.6735
0.682
0.6885
0.685
0.6815
0.6845
0.682
0.6715
0.6785
0.6765
0.6785
0.676
0.6755
0.6855
0.6805
0.6735
0.6815
0.6745
0.681
0.673
0.677
0.6775
0.6785
0.6775
0.6815
0.6775
0.675
0.667
0.6665
0.6755
0.666
0.68
0.6745
0.684
0.675
0.6815
0.682
0.677
0.6835
0.6875
0.6795
0.6835
0.6815
0.6835
0.678
0.6865
0.675
0.681
0.6755
0.691
0.6805
0.6825
0.6825
0.679
0.685
0.6795
0.6785
0.6795
0.6795
0.684
0.6735
0.684
0.682
0.675
0.6745
0.6885
0.6745
0.6765
0.678
0.681
0.685
0.6795
0.676
0.688
0.676
0.677
0.6905
0.678
0.674
0.6845
0.6765
0.6835
0.6805
0.6805
0.679
0.683
0.683
0.669
0.683
0.679
0.684
0.669
0.668
0.685
0.678
0.675
0.6745
0.6785
0.6745
0.6735
0.67
0.683
0.6795
0.674
0.679
0.67
0.675
0.671
0.6735
0.6825
0.67
0.668
0.674
0.6695
0.676
0.672
0.673
0.665
0.6735
0.6715
0.673
0.6765
0.6695
0.6715
0.6735
0.6685
0.674
0.6795
0.672
0.681
0.676
0.6725
0.679
0.6725
0.6765
0.6785
0.666
0.67
0.67
0.67
0.673
0.663
0.6665
0.674
0.6715
0.6585
0.6735
0.664
0.67
0.6735
0.6655
0.669
0.6745
0.6685
0.67
0.6705
0.672
0.6675
0.674
0.6755
0.6765
0.6695
0.6715
0.6665
0.6705
0.6725
0.671
0.6735
0.6745
0.663
0.6655
0.6755
0.6725
0.672
0.6695
0.672
0.6645
0.6695
0.673
0.666
0.6675
0.669
0.6715
0.668
0.68
0.686
0.682
0.6735
0.673
0.667
0.672
0.672
0.6675
0.675
0.6705
0.6755
0.6745
0.6805
0.688
0.671
0.672
0.677
0.6785
0.6675
0.684
0.677
0.6795
0.6725
0.682
0.6665
0.6735
0.6765
0.675
0.669
0.6755
0.681
0.6825
0.6795
0.6715
0.6735
0.6825
0.673
0.672
0.676
0.6775
0.678
0.6795
0.673
0.6745
0.679
0.676
0.67
0.6745
0.6775
0.675
0.6755
0.671
0.6775
0.6765
0.6715
0.678
0.6755
0.668
0.671
0.668
0.669
0.68
0.6675
0.6655
0.668
0.659
0.667
0.669
0.6775
0.681
0.6745
0.678
0.669
0.668
0.678
0.674
0.675
0.673
0.6745
0.6795
0.673
0.675
0.6805
0.6785
0.674
0.68
0.676
0.6755
0.67
0.674
0.6675
0.67
0.6715
0.6725
0.6685
0.6625
0.6755
0.6775
0.6755
0.668
0.674
0.6695
0.667
0.665
0.6655
0.6695
0.6645
0.668
0.6655
0.672
0.676
0.6705
0.666
0.676
0.673
0.667
0.6645
0.6675
0.678
0.6655
0.6775
0.669
0.667
0.6715
0.6735
0.6715
0.6755
0.665
0.6675
0.6745
0.682
0.677
0.6725
0.6795
0.6755
0.6715
0.6655
0.676
0.6735
0.673
0.664
0.6765
0.6645
0.672
0.673
0.6675
0.6725
0.6655
0.678
0.6675
0.675
0.6725
0.667
0.6675
0.6725
0.681
0.67
0.672
0.673
0.6715
0.6705
0.662
0.6695
0.664
0.657
0.669
0.6705
0.6515
0.669
0.668
0.666
0.665
0.6775
0.674
0.665
0.668
0.677
0.6625
0.6705
0.668
0.6655
0.6705
0.668
0.6655
0.6645
0.675
0.675
0.6695
0.6665
0.6665
0.665
0.677
0.672
0.6745
0.6715
0.674
0.665
0.6675
0.6645
0.6685
0.6765
0.678
0.673
0.671
0.6745
0.6735
0.675
0.68
0.664
0.664
0.672
0.667
0.657
0.6605
0.6685
0.6615
0.6555
0.6715
0.676
0.6665
0.67
0.6625
0.6615
0.6585
0.6565
0.6525
0.6615
0.6635
0.669
0.657
0.661
0.6605
0.6625
0.6575
0.6595
0.6705
0.669
0.6775
0.6645
0.669
0.6665
0.671
0.6695
0.6735
0.667
0.66
0.664
0.671
0.667
0.6675
0.67
0.6595
0.658
0.6695
0.663
0.671
0.6665
0.658
0.666
0.6605
0.6605
0.657
0.6565
0.663
0.6635
0.662
0.665
0.658
0.672
0.672
0.6665
0.665
0.667
0.665
0.6595
0.6545
0.6615
0.663
0.6635
0.6705
0.6705
0.6695
0.6685
0.666
0.664
0.671
0.662
0.675
0.658
0.6635
0.659
0.668
0.6665
0.665
0.668
0.665
0.673
0.669
0.664
0.6725
0.667
0.664
0.6675
0.673
0.678
0.6655
0.6635
0.6715
0.6645
0.664
0.6695
0.6675
0.6735
0.6655
0.6665
0.673
0.669
0.674
0.6645
0.6685
0.6605
0.667
0.664
0.6625
0.669
0.669
0.668
0.6595
0.663
0.6645
0.6645
0.6625
0.667
0.666
0.663
0.6795
0.6645
0.662
0.6685
0.661
0.661
0.663
0.671
0.6685
0.6715
0.6675
0.658
0.667
0.6685
0.6715
0.6675
0.6725
0.666
0.6685
0.6665
0.6665
0.6705
0.668
0.662
0.663
0.6565
0.6535
0.6595
0.663
0.66
0.6625
0.663
0.6665
0.654
0.666
0.653
0.6735
0.667
0.666
0.6595
0.675
0.6645
0.665
0.666
0.6665
0.6665
0.6575
0.6675
0.6695
0.657
0.6675
0.664
0.668
0.6595
0.662
0.6655
0.6695
0.6655
0.6695
0.672
0.664
0.664
0.6595
0.666
0.6625
0.6685
0.666
0.6695
0.6685
0.6665
0.672
0.667
0.665
0.6665
0.6625
0.6625
0.671
0.665
0.663
0.654
0.6605
0.668
0.6665
0.671
0.6625
0.665
0.6645
0.67
0.656
0.6515
0.6605
0.666
0.6655
0.6675
0.655
0.6605
0.6655
0.662
0.662
0.66
0.657
0.657
0.6665
0.6635
0.6585
0.6655
0.661
0.6495
0.6675
0.662
0.6615
0.6605
0.6505
0.6595
0.6455
0.6595
0.664
0.667
0.658
0.6555
0.6575
0.653
0.648
0.664
0.6695
0.6645
0.6475
0.6565
0.6545
0.6545
0.6645
0.662
0.6565
0.661
0.6515
0.657
0.6385
0.6615
0.6535
0.654
0.656
0.642
0.653
0.6625
0.6575
0.6625
0.6655
0.6715
0.6525
0.6615
0.654
0.6585
0.6555
0.657
0.6765
0.661
0.6625
0.6695
0.6645
0.656
0.656
0.6585
0.6655
0.657
0.6525
0.6615
0.6555
0.665
0.6595
0.6635
0.6615
0.6675
0.664
0.666
0.65
0.663
0.666
0.668
0.667
0.677
0.669
0.671
0.6755
0.6595
0.67
0.659
0.669
0.6595
0.6665
0.663
0.664
0.6725
0.655
0.66
0.657
0.656
0.649
0.654
0.6555
0.6525
0.654
0.6525
0.659
0.655
0.6665
0.542
0.666
0.6525
0.6635
0.665
0.654
0.6575
0.66
0.6595
0.645
0.6565
0.664
0.6675
0.6585
0.66
0.6645
0.655
0.6555
0.6735
0.653
0.6655
0.668
0.67
0.6595
0.6615
0.657
0.663
0.672
0.6595
0.6605
0.6635
0.6625
0.662
0.665
0.661
0.6535
0.657
0.6565
0.658
0.658
0.6595
0.6575
0.6645
0.6635
0.6595
0.672
0.6615
0.665
0.665
0.6645
0.6595
0.6675
0.6705
0.663
0.659
0.661
0.6485
0.6605
0.6575
0.6585
0.66
0.6565
0.6535
0.6555
0.666
0.663
0.6645
0.6655
0.665
0.6645
0.661
0.6635
0.6615
0.665
0.665
0.6685
0.653
0.66
0.6645
0.6665
0.671
0.6675
0.6585
0.666
0.6645
0.6635
0.6705
0.659
0.666
0.6625
0.656
0.655
0.6635
0.657
0.6665
0.664
0.6575
0.6555
0.666
0.659
0.663
0.654
0.6645
0.663
0.6645
0.653
0.6695
0.66
0.6585
0.656
0.666
0.658
0.665
0.6625
0.657
0.661
0.667
0.6705
0.656
0.6605
0.654
0.6675
0.665
0.6615
0.6555
0.669
0.669
0.6645
0.664
0.6625
0.6605
0.6575
0.669
0.6705
0.6595
0.663
0.6675
0.6665
0.6595
0.6605
0.6735
0.6645
0.661
0.6615
0.6645
0.657
0.658
0.656
0.6615
0.6635
0.6635
0.66
0.6625
0.658
0.6675
0.666
0.6635
0.6635
0.66
0.655
0.6685
0.661
0.6555
0.6635
0.6635
0.6605
0.6595
0.6565
0.6725
0.6635
0.659
0.6595
0.658
0.6565
0.6565
0.651
0.6575
0.657
0.6625
0.6625
0.6555
0.667
0.6595
0.674
0.6605
0.656
0.656
0.6605
0.661
0.667
0.6565
0.658
0.6685
0.657
0.6615
0.6485
0.668
0.664
0.661
0.6505
0.6625
0.6545
0.665
0.6605
0.665
0.67
0.655
0.6565
0.6555
0.6675
0.657
0.661
0.6605
0.665
0.6635
0.657
0.6605
0.6625
0.6585
0.6555
0.6615
0.6525
0.659
0.6605
0.656
0.654
0.6545
0.6465
0.656
0.6655
0.657
0.663
0.6605
0.6525
0.652
0.663
0.6575
0.6665
0.6495
0.6505
0.658
0.647
0.6635
0.6455
0.6545
0.6505
0.649
0.6495
0.655
0.6535
0.6515
0.649
0.657
0.667
0.66
0.653
0.65
0.6645
0.6565
0.6505
0.655
0.6545
0.6505
0.6505
0.657
0.6545
0.6625
0.659
0.6535
0.664
0.6535
0.658
0.6595
0.6585
0.6555
0.6475
0.6575
0.6565
0.6515
0.6525
0.661
0.6535
0.6535
0.654
0.655
0.659
0.664
0.662
0.65
0.658
0.653
0.653
0.6545
0.6585
0.6565
0.6515
0.6525
0.6585
0.6565
0.657
0.6595
0.664
0.656
0.6535
0.653
0.659
0.6615
0.6555
0.658
0.6565
0.6645
0.657
0.6475
0.664
0.652
0.6555
0.6515
0.6545
0.6615
0.655
0.6615
0.657
0.654
0.662
0.655
0.65
0.659
0.661
0.6595
0.66
0.654
0.659
0.671
0.658
0.671
0.662
0.6635
0.654
0.652
0.6625
0.672
0.6565
0.6575
0.6615
0.663
0.664
0.6605
0.6635
0.655
0.654
0.6545
0.6595
0.662
0.6665
0.67
0.657
0.658
0.658
0.6625
0.658
0.658
0.6615
0.65
0.649
0.655
0.654
0.6575
0.6555
0.6535
0.6615
0.6725
0.6605
0.661
0.652
0.6655
0.6565
0.6515
0.655
0.662
0.6645
0.6625
0.666
0.6585
0.66
0.6515
0.6485
0.6565
0.6535
0.663
0.654
0.6565
0.6595
0.657
0.651
0.656
0.657
0.6425
0.6505
0.658
0.652
0.663
0.6545
0.6615
0.6445
0.657
0.6655
0.6595
0.6425
0.654
0.6435
0.655
0.6505
0.659
0.658
0.657
0.6495
0.6575
0.6605
0.6565
0.65
0.655
0.653
0.658
0.654
0.6555
0.658
0.6555
0.6535
0.6585
0.6615
0.646
0.657
0.652
0.6575
0.6605
0.6485
0.657
0.6485
0.6495
0.6475
0.647
0.6535
0.6475
0.659
0.6605
0.6525
0.655
0.652
0.6475
0.642
0.647
0.6455
0.652
0.649
0.6505
0.6495
0.653
0.6445
0.6585
0.6425
0.652
0.647
0.652
0.659
0.653
0.661
0.661
0.6575
0.643
0.6565
0.6465
0.6665
0.659
0.6555
0.648
0.6535
0.656
0.6485
0.659
0.659
0.66
0.6515
0.655
0.6545
0.6555
0.6515
0.658
0.654
0.659
0.658
0.6505
0.6525
0.655
0.659
0.657
0.6575
0.6525
0.665
0.6625
0.6575
0.6605
0.647
0.657
0.6715
0.6545
0.65
0.6405
0.6475
0.6605
0.663
0.6515
0.648
0.6495
0.6555
0.658
0.6565
0.6625
0.654
0.6475
0.651
0.663
0.66
0.6705
0.657
0.657
0.647
0.6515
0.658
0.6505
0.664
0.651
0.663
0.6515
0.663
0.655
0.655
0.653
0.652
0.648
0.6515
0.655
0.646
0.649
0.6455
0.6535
0.6475
0.65
0.6515
0.658
0.649
0.651
0.6495
0.6475
0.655
0.646
0.6495
0.6505
0.6415
0.648
0.65
0.6575
0.6505
0.648
0.6465
0.6515
0.6585
0.654
0.644
0.648
0.65
0.662
0.6505
0.651
0.6535
0.6465
0.652
0.6565
0.6525
0.6515
0.6555
0.6615
0.65
0.648
0.6495
0.645
0.6515
0.656
0.662
0.649
0.6285
0.64
0.662
0.647
0.647
0.653
0.649
0.6485
0.647
0.644
0.649
0.6475
0.6335
0.648
0.607
0.639
0.6545
0.653
0.644
0.654
0.645
0.643
0.649
0.644
0.64
0.656
0.644
0.6365
0.6485
0.65
0.6425
0.645
0.646
0.6515
0.4455
0.6355
0.6515
0.635
0.649
0.6435
0.6355
0.6435
0.6385
0.646
0.646
0.638
0.6395
0.6355
0.634
0.639
0.6375
0.637
0.6405
0.645
0.639
0.638
0.63
0.639
0.6315
0.644
0.639
0.6445
0.6395
0.6435
0.6395
0.6485
0.644
0.6345
0.641
0.6425
0.6405
0.6325
0.631
0.638
0.638
0.637
0.636
0.633
0.6345
0.631
0.6425
0.634
0.6375
0.6375
0.64
0.643
0.651
0.6435
0.64
0.64
0.6385
0.648
0.65
0.6395
0.6355
0.6495
0.638
0.6365
0.652
0.639
0.6405
0.6405
0.6365
0.6475
0.6375
0.65
0.6505
0.647
0.638
0.6435
0.647
0.638
0.645
0.6405
0.6445
0.645
0.64
0.649
0.646
0.646
0.6435
0.6475
0.65
0.6535
0.6505
0.6465
0.6405
0.648
0.649
0.643
0.6465
0.6545
0.6395
0.65
0.641
0.636
0.646
0.651
0.6455
0.6465
0.635
0.6395
0.6475
0.6525
0.649
0.641
0.6395
0.639
0.6415
0.638
0.6445
0.633
0.64
0.6355
0.638
0.639
0.6355
0.645
0.63
0.6445
0.641
0.6425
0.637
0.6475
0.6415
0.6415
0.6395
0.6385
0.6415
0.6465
0.6435
0.649
0.6575
0.6535
0.6485
0.6485
0.6415
0.642
0.639
0.6445
0.6505
0.6475
0.643
0.6425
0.649
0.645
0.647
0.6485
0.65
0.6455
0.639
0.647
0.6485
0.6445
0.6395
0.641
0.6485
0.6345
0.6375
0.6435
0.647
0.642
0.641
0.639
0.64
0.6465
0.6365
0.64
0.6405
0.6405
0.6425
0.65
0.648
0.6375
0.6285
0.6415
0.6405
0.6325
0.6315
0.6325
0.648
0.634
0.6415
0.6395
0.626
0.6465
0.643
0.6515
0.6395
0.638
0.641
0.6395
0.635
0.6325
0.635
0.636
0.626
0.638
0.6425
0.6425
0.6405
0.636
0.63
0.6395
0.635
0.632
0.634
0.6365
0.64
0.632
0.6365
0.6405
0.631
0.639
0.6395
0.629
0.6355
0.631
0.637
0.6435
0.6305
0.6415
0.631
0.634
0.6385
0.6285
0.6375
0.537
0.638
0.631
0.51
0.6295
0.6315
0.634
0.6355
0.637
0.6285
0.637
0.638
0.6385
0.631
0.6365
0.6345
0.627
0.6255
0.627
0.6325
0.624
0.634
0.6395
0.636
0.637
0.6405
0.634
0.63
0.632
0.6385
0.634
0.6335
0.6255
0.6385
0.6275
0.6385
0.6415
0.6385
0.633
0.6325
0.63
0.633
0.6255
0.6265
0.6315
0.6375
0.634
0.6385
0.628
0.633
0.631
0.631
0.6315
0.629
0.636
0.639
0.6305
0.6375
0.6315
0.6255
0.633
0.6445
0.634
0.63
0.639
0.6295
0.634
0.64
0.636
0.6295
0.6335
0.631
0.622
0.621
0.624
0.639
0.625
0.627
0.629
0.6275
0.6345
0.632
0.6375
0.641
0.635
0.6325
0.6335
0.6335
0.63
0.6285
0.632
0.6305
0.6355
0.635
0.625
0.635
0.6285
0.6335
0.6335
0.6355
0.6375
0.632
0.64
0.6305
0.6405
0.6245
0.6305
0.6355
0.6395
0.632
0.6345
0.632
0.635
0.628
0.6345
0.63
0.637
0.6265
0.6265
0.63
0.6355
0.6285
0.632
0.63
0.631
0.629
0.629
0.6275
0.632
0.6295
0.633
0.636
0.6305
0.6335
0.63
0.627
0.6345
0.6295
0.6375
0.6355
0.6285
0.6345
0.637
0.6345
0.6285
0.626
0.633
0.6325
0.634
0.6355
0.6355
0.64
0.6275
0.6305
0.6235
0.636
0.6255
0.636
0.636
0.6265
0.6195
0.634
0.6345
0.6375
0.624
0.635
0.635
0.639
0.641
0.6405
0.637
0.6375
0.648
0.6345
0.634
0.6405
0.6335
0.6345
0.641
0.634
0.639
0.6285
0.642
0.6355
0.63
0.6315
0.6325
0.632
0.648
0.6235
0.624
0.6265
0.6315
0.631
0.6285
0.639
0.639
0.634
0.6225
0.6375
0.632
0.636
0.6415
0.634
0.6325
0.64
0.639
0.627
0.6335
0.633
0.644
0.628
0.6355
0.632
0.6335
0.641
0.625
0.6385
0.632
0.636
0.637
0.622
0.637
0.629
0.641
0.632
0.633
0.6265
0.6255
0.635
0.63
0.633
0.6315
0.6345
0.6265
0.6275
0.625
0.637
0.6335
0.633
0.626
0.631
0.628
0.636
0.638
0.6395
0.6375
0.6255
0.624
0.631
0.627
0.639
0.62
0.6365
0.63
0.6325
0.639
0.627
0.6335
0.6355
0.635
0.6355
0.631
0.6295
0.637
0.6425
0.635
0.6345
0.637
0.631
0.643
0.632
0.6375
0.626
0.6265
0.6265
0.6215
0.6275
0.63
0.6225
0.6255
0.625
0.625
0.628
0.633
0.621
0.629
0.6235
0.6225
0.617
0.622
0.624
0.6195
0.618
0.617
0.617
0.621
0.6245
0.626
0.625
0.623
0.631
0.6205
0.624
0.6225
0.6215
0.63
0.6215
0.621
0.618
0.628
0.6275
0.633
0.627
0.6275
0.6265
0.628
0.6245
0.631
0.627
0.624
0.6275
0.625
0.6275
0.624
0.635
0.6245
0.6355
0.632
0.6255
0.628
0.6225
0.622
0.6345
0.63
0.634
0.633
0.6395
0.627
0.636
0.6345
0.63
0.632
0.631
0.6275
0.621
0.6295
0.622
0.631
0.629
0.625
0.634
0.6285
0.636
0.6255
0.6375
0.6315
0.626
0.6295
0.624
0.621
0.6155
0.63
0.631
0.63
0.622
0.6245
0.635
0.6365
0.6235
0.627
0.631
0.628
0.614
0.6235
0.625
0.6225
0.63
0.6215
0.619
0.6245
0.6235
0.6205
0.627
0.625
0.624
0.6245
0.621
0.6285
0.63
0.6345
0.6335
0.629
0.624
0.6205
0.6275
0.629
0.6255
0.622
0.6265
0.6315
0.633
0.6275
0.627
0.6335
0.633
0.6315
0.635
0.6235
0.633
0.6295
0.634
0.629
0.6315
0.6305
0.6285
0.625
0.6415
0.6265
0.64
0.6325
0.627
0.6345
0.626
0.6265
0.6315
0.621
0.6275
0.613
0.632
0.626
0.6235
0.627
0.622
0.6225
0.63
0.629
0.6235
0.6455
0.6295
0.636
0.6245
0.6285
0.6345
0.6275
0.628
0.6205
0.6255
0.622
0.63
0.6285
0.6325
0.629
0.631
0.632
0.633
0.6315
0.6255
0.6255
0.6305
0.6245
0.631
0.624
0.63
0.6325
0.628
0.6325
0.6275
0.619
0.6245
0.627
0.625
0.629
0.6335
0.623
0.6335
0.6365
0.631
0.633
0.623
0.6375
0.6355
0.629
0.625
0.6195
0.631
0.6365
0.6215
0.63
0.627
0.626
0.6225
0.6255
0.6235
0.6175
0.6235
0.631
0.6335
0.6245
0.639
0.6275
0.625
0.6285
0.6255
0.629
0.6175
0.626
0.624
0.6275
0.6265
0.631
0.618
0.6215
0.623
0.628
0.618
0.6285
0.627
0.628
0.623
0.6195
0.623
0.626
0.622
0.624
0.627
0.63
0.621
0.6265
0.624
0.621
0.6315
0.624
0.618
0.629
0.6235
0.634
0.627
0.6155
0.6235
0.6265
0.6315
0.6265
0.63
0.628
0.63
0.6215
0.6325
0.6325
0.624
0.632
0.6285
0.629
0.64
0.6285
0.619
0.635
0.622
0.6375
0.63
0.62
0.628
0.6365
0.626
0.6295
0.6195
0.631
0.6235
0.625
0.619
0.6285
0.63
0.6265
0.624
0.6345
0.6185
0.621
0.624
0.619
0.6225
0.6245
0.6245
0.622
0.622
0.6265
0.6225
0.629
0.6285
0.6265
0.6185
0.624
0.628
0.6295
0.627
0.622
0.6255
0.63
0.618
0.635
0.6305
0.626
0.628
0.6295
0.63
0.6205
0.625
0.637
0.6245
0.624
0.6175
0.627
0.6265
0.63
0.6245
0.6205
0.6165
0.611
0.62
0.622
0.615
0.6155
0.6195
0.6315
0.618
0.616
0.6225
0.615
0.6245
0.623
0.621
0.618
0.6195
0.624
0.624
0.627
0.625
0.6255
0.633
0.626
0.626
0.6275
0.6255
0.62
0.618
0.6275
0.633
0.6205
0.621
0.6225
0.626
0.6195
0.622
0.6195
0.626
0.6205
0.623
0.6245
0.6235
0.6155
0.636
0.622
0.624
0.629
0.622
0.62
0.616
0.6155
0.6235
0.6175
0.6205
0.6225
0.628
0.6335
0.6125
0.623
0.6235
0.624
0.63
0.6325
0.6235
0.6285
0.619
0.6175
0.6215
0.6315
0.6265
0.6255
0.621
0.627
0.6285
0.628
0.6275
0.6255
0.6285
0.639
0.6265
0.629
0.616
0.6215
0.624
0.615
0.6165
0.618
0.613
0.622
0.623
0.621
0.625
0.6295
0.625
0.6145
0.63
0.617
0.632
0.6305
0.6215
0.622
0.6245
0.625
0.6145
0.622
0.6305
0.618
0.6255
0.615
0.624
0.619
0.63
0.626
0.626
0.6155
0.63
0.6345
0.6165
0.6245
0.628
0.6315
0.626
0.6305
0.625
0.6255
0.625
0.6325
0.6285
0.626
0.6265
0.625
0.6225
0.624
0.6175
0.6215
0.6125
0.6145
0.616
0.6205
0.6215
0.6385
0.628
0.622
0.624
0.6215
0.6245
0.6205
0.622
0.63
0.617
0.626
0.6275
0.6135
0.6215
0.631
0.625
0.627
0.6245
0.627
0.629
0.6225
0.6235
0.6165
0.6225
0.6205
0.631
0.6275
0.6205
0.6165
0.6105
0.617
0.613
0.617
0.6175
0.623
0.6215
0.6175
0.616
0.6225
0.6225
0.621
0.6105
0.6235
0.611
0.6145
0.6235
0.6155
0.6175
0.615
0.6175
0.6175
0.6325
0.625
0.618
0.625
0.6255
0.615
0.623
0.6225
0.622
0.6115
0.6185
0.624
0.6225
0.6235
0.621
0.6215
0.6195
0.628
0.6225
0.6275
0.615
0.627
0.6225
0.6255
0.6215
0.6245
0.625
0.6235
0.6225
0.6145
0.6225
0.619
0.6165
0.623
0.622
0.617
0.6225
0.6225
0.62
0.6155
0.6205
0.622
0.6145
0.618
0.6245
0.633
0.6235
0.631
0.62
0.6275
0.6255
0.6215
0.624
0.616
0.6215
0.6155
0.624
0.621
0.6245
0.6205
0.625
0.6185
0.6235
0.623
0.632
0.6175
0.6285
0.6195
0.6185
0.619
0.6155
0.626
0.6205
0.6155
0.6115
0.623
0.617
0.619
0.617
0.6255
0.621
0.6205
0.63
0.6185
0.6275
0.6285
0.626
0.623
0.6245
0.6195
0.6205
0.634
0.618
0.623
0.6255
0.6245
0.626
0.6245
0.624
0.627
0.6225
0.6225
0.625
0.6245
0.624
0.625
0.618
0.6305
0.624
0.6275
0.624
0.63
0.629
0.635
0.6265
0.619
0.626
0.6255
0.6225
0.631
0.6355
0.5995
0.611
0.626
0.622
0.6205
0.628
0.617
0.62
0.6195
0.6185
0.617
0.6215
0.6205
0.62
0.6295
0.619
0.626
0.6255
0.6285
0.621
0.638
0.6245
0.623
0.623
0.618
0.62
0.6245
0.618
0.6195
0.6255
0.6265
0.634
0.6215
0.6215
0.621
0.626
0.6295
0.622
0.623
0.6265
0.618
0.624
0.6275
0.6255
0.6285
0.623
0.628
0.62
0.624
0.6185
0.6375
0.625
0.617
0.622
0.618
0.62
0.6275
0.6155
0.634
0.6195
0.6225
0.618
0.6225
0.621
0.6145
0.6195
0.617
0.5935
0.612
0.617
0.618
0.6155
0.6155
0.617
0.62
0.613
0.6215
0.6135
0.6155
0.6225
0.612
0.6195
0.613
0.6175
0.611
0.6125
0.621
0.626
0.621
0.6145
0.6215
0.6185
0.621
0.627
0.6185
0.628
0.618
0.6215
0.608
0.617
0.6245
0.611
0.6145
0.622
0.618
0.617
0.6325
0.6245
0.6235
0.61
0.619
0.619
0.6185
0.6255
0.6185
0.6195
0.625
0.626
0.6195
0.618
0.61
0.612
0.6135
0.6165
0.6125
0.6045
0.6095
0.6195
0.62
0.6265
0.6015
0.6135
0.6155
0.621
0.62
0.6185
0.6175
0.619
0.614
0.6105
0.62
0.6125
0.619
0.6165
0.617
0.62
0.618
0.626
0.624
0.618
0.611
0.61
0.6145
0.604
0.622
0.605
0.616
0.609
0.609
0.612
0.622
0.6215
0.609
0.6175
0.6235
0.612
0.609
0.62
0.6085
0.6185
0.6145
0.6135
0.6195
0.6145
0.619
0.617
0.6165
0.6135
0.6165
0.612
0.6075
0.615
0.6165
0.6155
0.6175
0.6115
0.559
0.6065
0.616
0.61
0.609
0.61
0.611
0.611
0.6095
0.602
0.6085
0.6075
0.614
0.608
0.6165
0.608
0.6045
0.606
0.605
0.611
0.607
0.609
0.6035
0.609
0.611
0.6015
0.607
0.6145
0.601
0.606
0.602
0.605
0.6145
0.609
0.6065
0.62
0.607
0.602
0.607
0.6055
0.6205
0.6165
0.612
0.6175
0.614
0.6105
0.6115
0.6065
0.6195
0.6155
0.619
0.6105
0.609
0.611
0.616
0.6245
0.6115
0.6175
0.6055
0.624
0.6065
0.61
0.619
0.622
0.61
0.6115
0.6175
0.6125
0.613
0.611
0.6135
0.6125
0.605
0.6155
0.608
0.613
0.6055
0.608
0.6095
0.611
0.6105
0.6095
0.602
0.614
0.622
0.6045
0.6135
0.613
0.614
0.617
0.605
0.5985
0.6145
0.6105
0.6105
0.6175
0.613
0.615
0.607
0.6105
0.615
0.607
0.611
0.6195
0.612
0.6095
0.6055
0.6265
0.618
0.6115
0.6085
0.6085
0.615
0.621
0.614
0.6085
0.6175
0.6085
0.609
0.609
0.611
0.6195
0.6205
0.6155
0.6175
0.609
0.6115
0.6215
0.6255
0.613
0.6115
0.62
0.6265
0.6145
0.612
0.6155
0.6085
0.6195
0.613
0.6065
0.616
0.6175
0.622
0.6105
0.614
0.6165
0.617
0.61
0.61
0.6085
0.623
0.619
0.6195
0.614
0.6135
0.614
0.6145
0.616
0.6105
0.6095
0.618
0.612
0.6175
0.615
0.6085
0.6045
0.6125
0.6075
0.6155
0.6195
0.6135
0.6145
0.6115
0.617
0.6095
0.6115
0.613
0.621
0.621
0.6125
0.615
0.6175
0.608
0.6195
0.608
0.615
0.618
0.6105
0.616
0.6095
0.626
0.611
0.6145
0.6085
0.604
0.61
0.6215
0.609
0.6215
0.614
0.6125
0.6135
0.615
0.607
0.6145
0.6115
0.604
0.617
0.6175
0.612
0.613
0.61
0.608
0.6145
0.6145
0.6015
0.6165
0.6075
0.6165
0.6095
0.6105
0.6025
0.616
0.6185
0.613
0.618
0.5975
0.607
0.6135
0.61
0.6145
0.6175
0.609
0.6175
0.6195
0.616
0.6135
0.6085
0.6125
0.613
0.6235
0.613
0.6075
0.6135
0.61
0.616
0.6105
0.614
0.612
0.611
0.6125
0.6095
0.612
0.612
0.6095
0.614
0.6145
0.617
0.605
0.618
0.619
0.6185
0.6085
0.619
0.614
0.6135
0.612
0.615
0.609
0.6105
0.619
0.6205
0.607
0.613
0.6075
0.617
0.616
0.6105
0.6185
0.613
0.61
0.617
0.6085
0.6215
0.6205
0.6155
0.615
0.6155
0.616
0.6185
0.621
0.6215
0.626
0.614
0.621
0.6215
0.617
0.623
0.6175
0.6105
0.6105
0.6255
0.6215
0.617
0.6085
0.616
0.6125
0.6135
0.621
0.612
0.6135
0.608
0.616
0.6125
0.6165
0.607
0.6145
0.6155
0.6125
0.6055
0.6055
0.6115
0.619
0.6145
0.611
0.6115
0.6185
0.6155
0.619
0.611
0.6225
0.619
0.615
0.6235
0.6265
0.6185
0.617
0.6225
0.6165
0.62
0.618
0.619
0.6135
0.614
0.6065
0.619
0.6235
0.6045
0.6115
0.6075
0.612
0.6135
0.615
0.6045
0.6165
0.6245
0.6075
0.611
0.6155
0.6215
0.6125
0.624
0.617
0.6145
0.624
0.6155
0.6155
0.6095
0.6105
0.6085
0.617
0.6145
0.623
0.619
0.6125
0.6135
0.613
0.615
0.6145
0.619
0.6155
0.6135
0.6195
0.6175
0.6115
0.619
0.6215
0.613
0.618
0.618
0.622
0.6235
0.6185
0.617
0.616
0.6185
0.616
0.613
0.6195
0.616
0.6165
0.6225
0.6105
0.6135
0.6115
0.6125
0.6165
0.6175
0.63
0.6185
0.617
0.613
0.6215
0.6135
0.6115
0.6155
0.6125
0.615
0.6215
0.623
0.6205
0.6145
0.614
0.626
0.615
0.6215
0.615
0.6195
0.6195
0.618
0.6095
0.6245
0.6225
0.616
0.6155
0.6145
0.615
0.6215
0.6185
0.6155
0.6135
0.619
0.6145
0.6175
0.6145
0.618
0.6155
0.61
0.6155
0.615
0.615
0.607
0.607
0.6075
0.6105
0.6075
0.614
0.6215
0.616
0.613
0.6175
0.6155
0.609
0.6095
0.607
0.6175
0.606
0.6055
0.6145
0.607
0.612
0.613
0.622
0.6195
0.61
0.612
0.6055
0.6125
0.6055
0.604
0.621
0.608
0.6165
0.616
0.615
0.618
0.611
0.618
0.615
0.6065
0.614
0.6135
0.6115
0.611
0.614
0.6095
0.6095
0.6095
0.602
0.617
0.613
0.6125
0.612
0.611
0.614
0.6075
0.611
0.6125
0.6025
0.6085
0.6105
0.6175
0.6115
0.611
0.613
0.6075
0.613
0.6005
0.6105
0.6125
0.611
0.613
0.613
0.612
0.612
0.6065
0.617
0.6175
0.612
0.6165
0.614
0.611
0.611
0.6055
0.612
0.6135
0.616
0.614
0.6245
0.6235
0.619
0.6255
0.621
0.6155
0.6265
0.6055
0.6045
0.62
0.6095
0.613
0.613
0.615
0.614
0.6125
0.6245
0.623
0.6105
0.6065
0.6165
0.62
0.612
0.6095
0.61
0.6085
0.6115
0.609
0.6105
0.6105
0.6115
0.6055
0.6055
0.614
0.612
0.6125
0.6165
0.61
0.6095
0.605
0.605
0.6055
0.6075
0.6095
0.605
0.6025
0.61
0.6145
0.608
0.6035
0.618
0.613
0.5995
0.608
0.6035
0.61
0.6065
0.6145
0.608
0.6135
0.5975
0.6155
0.6025
0.614
0.608
0.6045
0.6205
0.6105
0.6125
0.6065
0.61
0.611
0.613
0.6135
0.611
0.6105
0.613
0.6095
0.6135
0.61
0.6085
0.616
0.614
0.6065
0.6015
0.6085
0.607
0.609
0.607
0.6095
0.609
0.605
0.608
0.617
0.598
0.6105
0.6145
0.6125
0.6085
0.6105
0.6105
0.614
0.6115
0.612
0.608
0.6
0.6115
0.613
0.615
0.604
0.616
0.612
0.607
0.6085
0.605
0.613
0.6135
0.61
0.6145
0.613
0.6175
0.6185
0.6115
0.612
0.621
0.6095
0.6135
0.6155
0.616
0.6075
0.608
0.614
0.605
0.603
0.6055
0.6085
0.611
0.6075
0.6105
0.611
0.607
0.608
0.612
0.612
0.6105
0.615
0.6125
0.6175
0.616
0.6055
0.605
0.604
0.6035
0.6145
0.6185
0.6015
0.6095
0.618
0.6015
0.614
0.605
0.607
0.612
0.6135
0.605
0.612
0.604
0.607
0.606
0.621
0.617
0.6185
0.608
0.6125
0.614
0.619
0.6195
0.617
0.615
0.619
0.612
0.609
0.617
0.612
0.609
0.6135
0.6085
0.604
0.611
0.6035
0.612
0.609
0.6075
0.6195
0.61
0.604
0.6045
0.608
0.622
0.6175
0.613
0.622
0.61
0.6235
0.614
0.61
0.6115
0.6155
0.621
0.6015
0.603
0.6065
0.6115
0.607
0.605
0.6145
0.61
0.614
0.6205
0.609
0.6015
0.609
0.6015
0.6105
0.606
0.6105
0.611
0.61
0.62
0.614
0.6095
0.6105
0.6135
0.608
0.6145
0.6175
0.6135
0.613
0.6095
0.6065
0.6035
0.6035
0.607
0.6165
0.6005
0.604
0.6005
0.616
0.598
0.6125
0.6125
0.6085
0.6095
0.6035
0.6135
0.607
0.611
0.614
0.6075
0.612
0.606
0.614
0.6085
0.613
0.619
0.611
0.6145
0.624
0.6105
0.6125
0.6125
0.612
0.6085
0.611
0.6135
0.6095
0.618
0.615
0.6135
0.615
0.611
0.607
0.612
0.613
0.6205
0.6105
0.613
0.619
0.611
0.619
0.6035
0.619
0.609
0.621
0.607
0.614
0.608
0.6125
0.6155
0.6245
0.6215
0.6195
0.6195
0.612
0.6115
0.618
0.6155
0.6175
0.6135
0.6125
0.6055
0.6105
0.609
0.6115
0.614
0.6135
0.613
0.6065
0.6065
0.608
0.615
0.6085
0.615
0.6135
0.612
0.6085
0.611
0.6105
0.61
0.6115
0.6065
0.607
0.614
0.612
0.613
0.6075
0.6055
0.622
0.613
0.614
0.622
0.565
0.6125
0.6035
0.616
0.612
0.619
0.61
0.611
0.6115
0.607
0.6155
0.619
0.613
0.614
0.6135
0.608
0.618
0.6075
0.607
0.6085
0.6075
0.61
0.6135
0.611
0.6055
0.6225
0.6045
0.608
0.6085
0.612
0.6015
0.607
0.6085
0.609
0.6155
0.612
0.619
0.61
0.6115
0.6025
0.612
0.6205
0.625
0.6145
0.617
0.614
0.6205
0.5995
0.622
0.6165
0.607
0.6055
0.6125
0.6095
0.6085
0.608
0.616
0.6095
0.6105
0.6115
0.609
0.6075
0.601
0.6055
0.607
0.603
0.611
0.606
0.6175
0.61
0.613
0.6075
0.609
0.6065
0.614
0.609
0.6125
0.61
0.6085
0.61
0.607
0.596
0.6095
0.606
0.61
0.613
0.606
0.615
0.5965
0.6055
0.5965
0.61
0.603
0.607
0.6095
0.602
0.601
0.5985
0.604
0.6035
0.6025
0.606
0.6055
0.607
0.615
0.6085
0.605
0.568
0.6065
0.6075
0.6155
0.608
0.6105
0.5995
0.6105
0.608
0.608
0.607
0.612
0.607
0.609
0.6115
0.6065
0.6085
0.617
0.607
0.5985
0.606
0.6125
0.6085
0.613
0.6095
0.598
0.609
0.6005
0.6055
0.6135
0.609
0.608
0.603
0.616
0.611
0.6115
0.6065
0.6
0.6075
0.605
0.611
0.605
0.6055
0.6155
0.603
0.6055
0.6045
0.6045
0.614
0.601
0.6
0.617
0.604
0.6045
0.607
0.597
0.6185
0.6125
0.6015
0.609
0.6105
0.612
0.6175
0.61
0.6025
0.6055
0.6055
0.602
0.6035
0.608
0.611
0.614
0.6085
0.607
0.611
0.6055
0.6125
0.594
0.615
0.606
0.6115
0.615
0.607
0.6155
0.6165
0.606
0.594
0.6095
0.6185
0.6025
0.6105
0.612
0.6125
0.606
0.605
0.6055
0.6095
0.6145
0.6105
0.606
0.6075
0.6085
0.6015
0.6065
0.6115
0.599
0.6115
0.6115
0.605
0.603
0.613
0.6135
0.6085
0.6115
0.6065
0.6105
0.5995
0.6045
0.6045
0.611
0.601
0.612
0.606
0.6
0.6045
0.6025
0.605
0.611
0.6025
0.603
0.597
0.613
0.604
0.602
0.6005
0.6075
0.5975
0.61
0.608
0.605
0.605
0.6105
0.6075
0.604
0.609
0.61
0.6095
0.603
0.598
0.605
0.604
0.603
0.601
0.608
0.6125
0.603
0.6085
0.6075
0.6115
0.609
0.6075
0.621
0.6085
0.6105
0.6085
0.607
0.6045
0.607
0.61
0.6085
0.6025
0.601
0.609
0.6
0.6005
0.6065
0.61
0.614
0.611
0.604
0.6065
0.606
0.608
0.611
0.61
0.6165
0.6095
0.6065
0.6065
0.6
0.604
0.61
0.608
0.609
0.608
0.602
0.6075
0.6105
0.609
0.5995
0.612
0.605
0.6085
0.606
0.6085
0.6035
0.606
0.6075
0.611
0.61
0.6085
0.607
0.605
0.6005
0.611
0.613
0.605
0.602
0.601
0.6025
0.6055
0.604
0.614
0.5995
0.605
0.5985
0.5915
0.6095
0.6025
0.611
0.539
0.6145
0.6055
0.617
0.608
0.596
0.6045
0.5995
0.606
0.602
0.608
0.6075
0.6095
0.603
0.614
0.6015
0.61
0.6055
0.6105
0.601
0.6115
0.6115
0.614
0.618
0.6085
0.607
0.601
0.6085
0.61
0.6095
0.6025
0.6085
0.6095
0.6135
0.609
0.607
0.6115
0.6115
0.604
0.617
0.62
0.6135
0.6115
0.606
0.601
0.6085
0.605
0.558
0.6155
0.603
0.6055
0.608
0.6075
0.6095
0.6135
0.61
0.6025
0.6105
0.6
0.608
0.609
0.6035
0.607
0.604
0.6015
0.612
0.616
0.606
0.609
0.6245
0.616
0.611
0.6065
0.612
0.6065
0.612
0.608
0.6125
0.609
0.607
0.609
0.612
0.617
0.606
0.616
0.603
0.605
0.61
0.612
0.6145
0.608
0.608
0.6135
0.6055
0.6055
0.606
0.609
0.6085
0.612
0.6065
0.6105
0.6145
0.6075
0.602
0.611
0.6115
0.6145
0.6085
0.5985
0.6045
0.606
0.6185
0.6145
0.6095
0.612
0.6145
0.612
0.6115
0.603
0.6085
0.608
0.6075
0.607
0.614
0.615
0.615
0.616
0.6095
0.6045
0.612
0.6175
0.607
0.604
0.6055
0.6095
0.614
0.611
0.606
0.612
0.6045
0.594
0.599
0.6065
0.597
0.6075
0.6085
0.61
0.605
0.6065
0.604
0.6105
0.6025
0.6095
0.6025
0.5965
0.6115
0.6095
0.6105
0.6055
0.608
0.612
0.607
0.616
0.6095
0.6015
0.6095
0.6075
0.6085
0.609
0.6095
0.603
0.6045
0.5945
0.602
0.6025
0.604
0.593
0.6035
0.608
0.611
0.6125
0.604
0.6025
0.613
0.611
0.605
0.602
0.605
0.612
0.601
0.606
0.6125
0.5985
0.6075
0.6115
0.6035
0.606
0.6055
0.608
0.608
0.607
0.605
0.6145
0.6145
0.5975
0.611
0.6145
0.613
0.619
0.603
0.61
0.6075
0.5985
0.6085
0.6065
0.6165
0.611
0.6125
0.609
0.604
0.6185
0.612
0.613
0.611
0.5915
0.609
0.611
0.612
0.6065
0.608
0.61
0.616
0.611
0.605
0.6105
0.6045
0.601
0.6065
0.6095
0.615
0.6175
0.6135
0.614
0.6065
0.6125
0.6135
0.6015
0.614
0.615
0.619
0.6075
0.609
0.619
0.62
0.6135
0.6095
0.61
0.6245
0.6175
0.617
0.614
0.6175
0.618
0.6185
0.6195
0.6145
0.612
0.6205
0.6195
0.6125
0.6155
0.615
0.6245
0.6155
0.6125
0.616
0.6175
0.6125
0.617
0.6055
0.617
0.6185
0.6145
0.615
0.612
0.6115
0.6105
0.613
0.6275
0.615
0.6185
0.6045
0.6075
0.6185
0.622
0.6075
0.6135
0.602
0.6185
0.622
0.624
0.6045
0.617
0.6145
0.6135
0.6185
0.6075
0.6175
0.617
0.615
0.604
0.6165
0.624
0.611
0.618
0.6085
0.6185
0.6135
0.6125
0.6145
0.616
0.6105
0.615
0.615
0.61
0.6125
0.613
0.613
0.6215
0.61
0.622
0.6185
0.614
0.605
0.6065
0.6145
0.6155
0.6085
0.6075
0.6075
0.599
0.6145
0.611
0.6085
0.602
0.602
0.611
0.6105
0.6065
0.605
0.6095
0.605
0.613
0.611
0.6155
0.61
0.605
0.6065
0.609
0.606
0.608
0.609
0.61
0.601
0.612
0.6095
0.6015
0.6055
0.6105
0.6055
0.6035
0.601
0.597
0.613
0.6155
0.602
0.6095
0.61
0.609
0.604
0.606
0.6055
0.608
0.604
0.605
0.609
0.6055
0.609
0.613
0.606
0.6055
0.6045
0.6065
0.6055
0.6055
0.6045
0.6095
0.614
0.599
0.6055
0.6025
0.6025
0.6125
0.614
0.609
0.6085
0.6065
0.603
0.6045
0.614
0.613
0.608
0.606
0.61
0.608
0.608
0.5975
0.5955
0.6025
0.6015
0.605
0.6015
0.591
0.6005
0.6045
0.6105
0.599
0.608
0.6035
0.613
0.598
0.601
0.5995
0.6115
0.605
0.606
0.6015
0.598
0.604
0.6045
0.595
0.6035
0.6
0.6035
0.6075
0.6105
0.608
0.6
0.6105
0.608
0.599
0.606
0.61
0.6055
0.599
0.596
0.6045
0.6
0.6085
0.614
0.6045
0.6105
0.6045
0.603
0.607
0.602
0.606
0.601
0.6025
0.6005
0.604
0.6005
0.61
0.6115
0.602
0.6035
0.6015
0.603
0.615
0.614
0.602
0.6085
0.6035
0.599
0.6115
0.6075
0.61
0.603
0.6135
0.61
0.609
0.6105
0.6075
0.609
0.6055
0.604
0.605
0.605
0.607
0.6105
0.608
0.6035
0.607
0.608
0.6095
0.5995
0.5965
0.599
0.605
0.609
0.6025
0.602
0.613
0.6135
0.621
0.613
0.6105
0.6025
0.6065
0.6155
0.618
0.611
0.609
0.613
0.608
0.609
0.6045
0.611
0.6075
0.606
0.5975
0.6145
0.6075
0.6085
0.621
0.6095
0.61
0.6035
0.5995
0.6105
0.601
0.6115
0.605
0.609
0.6065
0.6075
0.6125
0.605
0.6005
0.6125
0.6075
0.6045
0.615
0.6095
0.613
0.6075
0.617
0.6155
0.609
0.6035
0.61
0.6075
0.605
0.6055
0.604
0.608
0.608
0.608
0.611
0.6015
0.609
0.5975
0.6
0.6015
0.6145
0.604
0.613
0.602
0.6025
0.606
0.605
0.593
0.6075
0.6015
0.6015
0.593
0.607
0.6035
0.604
0.6055
0.6065
0.595
0.602
0.5965
0.6
0.599
0.607
0.5985
0.5885
0.6005
0.599
0.5925
0.6125
0.603
0.6
0.601
0.599
0.6005
0.607
0.5995
0.6015
0.6065
0.6025
0.6025
0.6015
0.5995
0.5995
0.5965
0.602
0.598
0.6035
0.6015
0.6015
0.5915
0.5985
0.6055
0.5945
0.611
0.5985
0.594
0.603
0.6005
0.594
0.602
0.593
0.5965
0.5995
0.5995
0.5905
0.6035
0.6015
0.5965
0.594
0.596
0.596
0.594
0.59
0.5975
0.599
0.595
0.5965
0.5935
0.594
0.5995
0.5915
0.596
0.5805
0.5895
0.5955
0.596
0.597
0.6
0.6
0.601
0.601
0.6015
0.6
0.5955
0.5945
0.5985
0.5995
0.592
0.5975
0.5925
0.5935
0.588
0.592
0.596
0.597
0.606
0.606
0.5925
0.5915
0.6025
0.597
0.59
0.592
0.5995
0.6025
0.5905
0.6005
0.598
0.598
0.606
0.597
0.605
0.6005
0.605
0.6035
0.6005
0.5995
0.5945
0.5905
0.5955
0.6025
0.5965
0.597
0.5985
0.605
0.5995
0.598
0.597
0.6065
0.599
0.595
0.5905
0.5975
0.5905
0.598
0.5885
0.5945
0.6035
0.5975
0.606
0.605
0.598
0.5975
0.603
0.602
0.5955
0.5985
0.5935
0.598
0.5965
0.5995
0.597
0.595
0.602
0.594
0.5855
0.587
0.5955
0.593
0.586
0.594
0.586
0.592
0.5925
0.5875
0.59
0.5895
0.5905
0.5825
0.594
0.588
0.5945
0.5965
0.5995
0.5975
0.596
0.597
0.59
0.597
0.596
0.604
0.5915
0.5885
0.5895
0.59
0.596
0.59
0.6
0.592
0.5835
0.586
0.588
0.593
0.599
0.595
0.593
0.584
0.59
0.6015
0.596
0.5995
0.5935
0.596
0.595
0.593
0.601
0.5915
0.5945
0.589
0.59
0.596
0.6035
0.598
0.604
0.595
0.602
0.5985
0.593
0.593
0.592
0.5965
0.595
0.5995
0.5985
0.595
0.6015
0.595
0.6035
0.5995
0.5935
0.5845
0.5955
0.599
0.5955
0.592
0.587
0.6005
0.601
0.5985
0.602
0.591
0.597
0.5995
0.5915
0.6005
0.5945
0.5945
0.5905
0.6045
0.5965
0.596
0.5975
0.593
0.589
0.5935
0.594
0.5905
0.605
0.6035
0.597
0.5955
0.6005
0.5945
0.594
0.593
0.597
0.5975
0.6035
0.599
0.6145
0.607
0.6025
0.6005
0.5995
0.603
0.5915
0.588
0.588
0.595
0.593
0.591
0.603
0.598
0.5925
0.589
0.5845
0.5925
0.5905
0.5995
0.5925
0.5945
0.5965
0.5945
0.602
0.592
0.6
0.5945
0.5885
0.598
0.5995
0.604
0.5995
0.6
0.599
0.6005
0.5875
0.6025
0.602
0.594
0.5975
0.6035
0.593
0.598
0.595
0.591
0.6015
0.609
0.606
0.596
0.5945
0.6045
0.6025
0.603
0.6015
0.605
0.5965
0.5975
0.596
0.593
0.6045
0.6035
0.5915
0.5915
0.5995
0.5905
0.602
0.596
0.5875
0.587
0.5905
0.589
0.591
0.5915
0.5865
0.6005
0.59
0.585
0.585
0.5965
0.5885
0.599
0.5965
0.601
0.5945
0.5985
0.589
0.6025
0.587
0.594
0.5875
0.5935
0.5915
0.5915
0.594
0.5865
0.5985
0.594
0.5915
0.594
0.596
0.598
0.604
0.6015
0.5885
0.594
0.595
0.5845
0.5935
0.5905
0.6
0.5965
0.5935
0.592
0.61
0.6015
0.5905
0.5895
0.602
0.5925
0.589
0.591
0.5955
0.596
0.587
0.5945
0.5975
0.5955
0.592
0.593
0.5945
0.5925
0.584
0.592
0.591
0.589
0.59
0.5925
0.5965
0.6045
0.5925
0.5905
0.6025
0.597
0.604
0.603
0.596
0.5975
0.5985
0.594
0.605
0.592
0.5915
0.59
0.598
0.5965
0.6
0.599
0.5875
0.5945
0.603
0.6005
0.596
0.6075
0.5985
0.5985
0.6095
0.5985
0.593
0.598
0.599
0.603
0.6005
0.6055
0.6035
0.597
0.602
0.5995
0.606
0.6045
0.602
0.606
0.6035
0.5995
0.601
0.5915
0.6035
0.61
0.6035
0.608
0.5885
0.5975
0.5905
0.6065
0.5965
0.5965
0.5955
0.6055
0.6005
0.601
0.6025
0.6125
0.6025
0.599
0.599
0.596
0.5935
0.604
0.591
0.59
0.5955
0.589
0.594
0.5895
0.6055
0.595
0.6005
0.5955
0.604
0.601
0.5965
0.598
0.5995
0.5885
0.5895
0.5985
0.594
0.603
0.59
0.596
0.592
0.5865
0.596
0.594
0.5925
0.591
0.5905
0.595
0.6
0.5935
0.6025
0.592
0.5965
0.589
0.592
0.6
0.5875
0.5945
0.603
0.588
0.6035
0.591
0.5905
0.6
0.596
0.5945
0.5825
0.599
0.58
0.597
0.5975
0.5895
0.5885
0.5935
0.594
0.5915
0.589
0.591
0.5975
0.5915
0.5895
0.587
0.601
0.5945
0.585
0.594
0.585
0.5985
0.59
0.597
0.5925
0.5815
0.5865
0.585
0.597
0.603
0.5885
0.596
0.5905
0.598
0.603
0.5925
0.593
0.5955
0.5885
0.5845
0.594
0.5915
0.5895
0.589
0.587
0.597
0.5945
0.588
0.5795
0.585
0.588
0.587
0.595
0.591
0.6
0.5945
0.5935
0.5965
0.5915
0.593
0.586
0.598
0.5895
0.589
0.5935
0.581
0.5845
0.59
0.594
0.5905
0.586
0.5855
0.5885
0.591
0.588
0.599
0.59
0.5925
0.588
0.5925
0.589
0.5855
0.5845
0.5855
0.583
0.597
0.593
0.5825
0.5855
0.5875
0.58
0.5945
0.596
0.597
0.6015
0.587
0.5925
0.5915
0.5935
0.5915
0.5945
0.584
0.586
0.599
0.5725
0.5845
0.58
0.5895
0.5885
0.5865
0.5885
0.5795
0.59
0.584
0.5855
0.58
0.587
0.5825
0.58
0.5765
0.58
0.5745
0.5815
0.589
0.584
0.5905
0.5885
0.5825
0.5895
0.5855
0.5865
0.5825
0.5795
0.578
0.5825
0.586
0.5805
0.5755
0.5965
0.5805
0.5885
0.5875
0.5835
0.5785
0.588
0.586
0.585
0.5905
0.593
0.59
0.5875
0.5925
0.586
0.5825
0.589
0.5935
0.591
0.5925
0.5865
0.5865
0.5835
0.585
0.575
0.5845
0.5815
0.5815
0.5835
0.5925
0.5875
0.5905
0.5965
0.592
0.5865
0.587
0.5845
0.5895
0.598
0.5785
0.5875
0.594
0.597
0.5915
0.5855
0.586
0.593
0.589
0.5865
0.588
0.582
0.583
0.5855
0.5885
0.5865
0.582
0.585
0.567
0.5845
0.5905
0.584
0.589
0.588
0.5945
0.5815
0.585
0.591
0.5845
0.585
0.589
0.586
0.58
0.5875
0.5955
0.5935
0.5875
0.5865
0.584
0.582
0.5905
0.5825
0.59
0.5835
0.592
0.587
0.584
0.581
0.589
0.598
0.591
0.592
0.59
0.5855
0.5965
0.594
0.5895
0.5855
0.588
0.588
0.579
0.589
0.588
0.585
0.5795
0.579
0.5865
0.5865
0.5855
0.58
0.5905
0.5825
0.582
0.585
0.59
0.5825
0.5875
0.579
0.588
0.5885
0.585
0.5925
0.5835
0.5905
0.585
0.583
0.586
0.5885
0.583
0.587
0.58
0.58
0.578
0.5785
0.586
0.587
0.582
0.5905
0.59
0.585
0.577
0.5865
0.583
0.592
0.5895
0.582
0.577
0.5875
0.5915
0.587
0.5905
0.5815
0.579
0.5785
0.5795
0.5885
0.594
0.588
0.5895
0.5845
0.583
0.5855
0.596
0.588
0.592
0.595
0.59
0.583
0.587
0.5815
0.582
0.5765
0.5855
0.586
0.588
0.61
0.5805
0.5875
0.5855
0.595
0.5815
0.5835
0.587
0.593
0.583
0.5845
0.5865
0.586
0.5865
0.598
0.5965
0.5925
0.589
0.584
0.5935
0.5865
0.582
0.584
0.5835
0.5875
0.5875
0.5795
0.5825
0.5835
0.5835
0.588
0.5935
0.593
0.5915
0.586
0.582
0.5895
0.587
0.594
0.581
0.5915
0.58
0.5915
0.5905
0.601
0.5955
0.5795
0.5875
0.5765
0.597
0.5855
0.589
0.5835
0.5805
0.5885
0.5795
0.5825
0.5945
0.58
0.588
0.5875
0.5975
0.5955
0.5835
0.596
0.5795
0.5905
0.5845
0.584
0.5825
0.5855
0.5955
0.5875
0.5835
0.5975
0.5855
0.596
0.584
0.5825
0.5835
0.582
0.5915
0.5905
0.5865
0.5985
0.5875
0.581
0.587
0.5905
0.583
0.5925
0.5805
0.591
0.594
0.589
0.574
0.5745
0.575
0.581
0.5915
0.582
0.582
0.5905
0.5825
0.5795
0.58
0.589
0.5905
0.5425
0.581
0.5865
0.574
0.578
0.5875
0.5885
0.5915
0.5895
0.5935
0.5825
0.5945
0.591
0.5815
0.5785
0.5825
0.5885
0.5905
0.587
0.584
0.59
0.592
0.2935
0.587
0.5875
0.5895
0.5865
0.586
0.589
0.59
0.582
0.5915
0.5725
0.58
0.58
0.588
0.5805
0.592
0.587
0.591
0.5855
0.5845
0.588
0.5855
0.5655
0.5795
0.576
0.5835
0.5785
0.586
0.5795
0.5815
0.579
0.583
0.5855
0.588
0.5875
0.5825
0.5835
0.5795
0.595
0.5905
0.586
0.5795
0.583
0.5935
0.5905
0.5805
0.584
0.5885
0.5825
0.5875
0.5915
0.5795
0.5775
0.5835
0.583
0.575
0.583
0.5845
0.582
0.58
0.586
0.5795
0.589
0.5805
0.5795
0.578
0.5895
0.586
0.5815
0.5805
0.5765
0.577
0.574
0.581
0.5825
0.578
0.573
0.569
0.577
0.5895
0.577
0.57
0.5905
0.573
0.5765
0.575
0.5775
0.573
0.582
0.5805
0.5755
0.571
0.5755
0.5825
0.587
0.5865
0.5765
0.587
0.576
0.582
0.5775
0.588
0.572
0.575
0.5845
0.5755
0.58
0.581
0.582
0.5865
0.5785
0.5835
0.578
0.587
0.584
0.582
0.5825
0.571
0.5765
0.5755
0.577
0.582
0.573
0.5765
0.577
0.58
0.5755
0.5815
0.58
0.5815
0.584
0.5735
0.5825
0.581
0.582
0.58
0.576
0.5775
0.5815
0.5925
0.5775
0.584
0.581
0.5825
0.5865
0.589
0.588
0.589
0.5865
0.5845
0.5845
0.5815
0.5915
0.578
0.587
0.59
0.5805
0.5905
0.581
0.593
0.584
0.5845
0.5905
0.5825
0.5735
0.5835
0.59
0.581
0.578
0.575
0.591
0.581
0.5765
0.59
0.5835
0.588
0.587
0.586
0.5595
0.576
0.585
0.589
0.595
0.5785
0.5855
0.579
0.5795
0.579
0.588
0.5755
0.5865
0.586
0.5915
0.5805
0.4935
0.5975
0.588
0.5905
0.585
0.577
0.582
0.583
0.583
0.5845
0.585
0.5865
0.5835
0.583
0.5815
0.5895
0.5795
0.58
0.581
0.576
0.583
0.5875
0.584
0.5765
0.585
0.581
0.5775
0.577
0.5905
0.593
0.585
0.585
0.5855
0.5915
0.5795
0.5885
0.58
0.5865
0.5835
0.5805
0.5855
0.587
0.592
0.546
0.5855
0.5835
0.5895
0.583
0.582
0.5895
0.5925
0.5775
0.5815
0.575
0.5735
0.5875
0.5825
0.582
0.5835
0.5845
0.5795
0.585
0.584
0.5835
0.578
0.5755
0.582
0.591
0.581
0.5825
0.59
0.5845
0.581
0.575
0.5785
0.58
0.5835
0.5875
0.579
0.589
0.575
0.58
0.579
0.586
0.5865
0.5875
0.5775
0.582
0.58
0.5875
0.5875
0.5845
0.583
0.5875
0.592
0.5785
0.5905
0.582
0.583
0.587
0.5825
0.588
0.583
0.593
0.5835
0.584
0.5875
0.586
0.5835
0.584
0.5875
0.5925
0.583
0.587
0.5885
0.585
0.5825
0.5825
0.575
0.587
0.5935
0.5815
0.593
0.588
0.5875
0.583
0.5815
0.5795
0.5785
0.582
0.5845
0.581
0.578
0.5865
0.582
0.5875
0.5835
0.582
0.589
0.588
0.5845
0.5845
0.586
0.585
0.583
0.5815
0.5795
0.58
0.5785
0.5795
0.5855
0.58
0.577
0.5835
0.585
0.581
0.575
0.588
0.5795
0.587
0.59
0.588
0.5865
0.577
0.585
0.5815
0.583
0.59
0.576
0.585
0.5905
0.5865
0.5805
0.58
0.5855
0.588
0.587
0.5835
0.585
0.5845
0.5795
0.574
0.5755
0.5825
0.5795
0.581
0.578
0.581
0.575
0.5845
0.582
0.5775
0.5825
0.578
0.5805
0.577
0.576
0.5765
0.5795
0.5825
0.5775
0.5765
0.575
0.5775
0.571
0.576
0.5815
0.5735
0.5815
0.577
0.581
0.5755
0.575
0.584
0.58
0.5725
0.567
0.571
0.5755
0.574
0.5635
0.5705
0.5695
0.5735
0.582
0.58
0.5705
0.578
0.573
0.574
0.5755
0.5755
0.5765
0.58
0.583
0.5815
0.5795
0.5715
0.574
0.5645
0.5755
0.569
0.5745
0.5755
0.582
0.5745
0.575
0.573
0.575
0.5815
0.5735
0.579
0.5825
0.579
0.568
0.5795
0.582
0.5885
0.5715
0.578
0.5865
0.5715
0.5725
0.5805
0.5725
0.5755
0.5755
0.584
0.582
0.587
0.58
0.5795
0.578
0.587
0.5835
0.58
0.5895
0.5775
0.5865
0.584
0.5855
0.5895
0.5895
0.5815
0.585
0.5825
0.59
0.579
0.5865
0.573
0.582
0.5845
0.5785
0.5855
0.584
0.5925
0.585
0.5805
0.587
0.581
0.5825
0.587
0.5815
0.5825
0.5835
0.5805
0.5895
0.5905
0.583
0.587
0.5825
0.576
0.588
0.585
0.584
0.5835
0.5815
0.5895
0.5745
0.5775
0.5845
0.5845
0.586
0.578
0.588
0.594
0.582
0.5945
0.586
0.579
0.591
0.5835
0.5765
0.594
0.589
0.595
0.586
0.582
0.583
0.5845
0.582
0.577
0.589
0.585
0.577
0.5875
0.576
0.5775
0.584
0.5925
0.5885
0.586
0.5895
0.586
0.5835
0.5875
0.5875
0.576
0.584
0.587
0.5875
0.575
0.575
0.5815
0.5815
0.577
0.585
0.5805
0.5755
0.5775
0.5725
0.5705
0.576
0.583
0.5735
0.5755
0.5795
0.5955
0.5805
0.59
0.579
0.575
0.586
0.585
0.581
0.588
0.584
0.5865
0.581
0.5875
0.5845
0.581
0.5785
0.5745
0.581
0.576
0.573
0.575
0.574
0.5785
0.5765
0.577
0.573
0.576
0.577
0.58
0.5735
0.5795
0.5775
0.575
0.5755
0.5755
0.572
0.5715
0.5735
0.5715
0.5695
0.575
0.5805
0.569
0.565
0.5665
0.579
0.5785
0.581
0.5755
0.5745
0.5755
0.575
0.572
0.5785
0.5725
0.5785
0.562
0.579
0.57
0.5775
0.572
0.586
0.57
0.578
0.5695
0.5845
0.5765
0.58
0.578
0.5735
0.571
0.5735
0.573
0.5735
0.576
0.5725
0.5675
0.5725
0.586
0.5735
0.5695
0.5735
0.572
0.585
0.578
0.581
0.5795
0.574
0.579
0.5695
0.571
0.578
0.5865
0.5775
0.58
0.5815
0.5765
0.572
0.5845
0.573
0.5815
0.574
0.5905
0.5785
0.5785
0.585
0.5815
0.575
0.577
0.5765
0.575
0.582
0.577
0.579
0.5765
0.5815
0.581
0.5765
0.5765
0.5825
0.5845
0.5785
0.5915
0.589
0.5905
0.584
0.5875
0.585
0.5815
0.5885
0.584
0.5815
0.5865
0.5835
0.58
0.5935
0.583
0.5795
0.583
0.579
0.581
0.582
0.6025
0.5745
0.5865
0.5875
0.5835
0.5835
0.5775
0.5825
0.5815
0.575
0.5775
0.581
0.5845
0.585
0.584
0.575
0.5785
0.5755
0.5765
0.584
0.5705
0.579
0.579
0.5765
0.582
0.5795
0.59
0.5785
0.577
0.583
0.5815
0.5755
0.586
0.586
0.5775
0.584
0.5855
0.5875
0.592
0.586
0.589
0.579
0.586
0.578
0.588
0.5805
0.5805
0.583
0.589
0.5795
0.581
0.5875
0.5865
0.578
0.593
0.576
0.5925
0.583
0.581
0.5845
0.5845
0.581
0.573
0.577
0.5865
0.583
0.58
0.5765
0.58
0.573
0.575
0.578
0.5755
0.569
0.5805
0.585
0.5735
0.582
0.582
0.5735
0.5755
0.5775
0.573
0.5845
0.5725
0.58
0.5785
0.583
0.577
0.576
0.58
0.5785
0.5805
0.578
0.5765
0.581
0.5805
0.5795
0.578
0.5905
0.5865
0.5805
0.5875
0.585
0.584
0.583
0.579
0.583
0.573
0.5805
0.587
0.5775
0.577
0.574
0.576
0.5755
0.577
0.5765
0.577
0.5765
0.57
0.573
0.575
0.5745
0.571
0.57
0.583
0.568
0.582
0.576
0.566
0.576
0.5725
0.5695
0.572
0.5785
0.5685
0.579
0.5765
0.5645
0.5745
0.578
0.563
0.5735
0.5775
0.5745
0.5755
0.5685
0.565
0.564
0.564
0.568
0.5665
0.5755
0.561
0.5705
0.5685
0.5645
0.57
0.567
0.565
0.5715
0.5705
0.576
0.569
0.568
0.56
0.566
0.5725
0.574
0.573
0.5675
0.5805
0.573
0.5745
0.576
0.5795
0.573
0.5765
0.5775
0.5885
0.58
0.586
0.5745
0.5765
0.5715
0.5745
0.57
0.5785
0.5735
0.5695
0.5865
0.569
0.571
0.575
0.578
0.576
0.573
0.582
0.577
0.578
0.571
0.5815
0.5715
0.583
0.5755
0.5695
0.576
0.5825
0.5775
0.5775
0.5785
0.5815
0.576
0.568
0.581
0.588
0.5685
0.574
0.5775
0.575
0.5735
0.58
0.573
0.5685
0.571
0.567
0.5745
0.572
0.578
0.577
0.571
0.579
0.5775
0.5775
0.5755
0.583
0.5835
0.577
0.5855
0.579
0.5785
0.58
0.577
0.5785
0.5825
0.581
0.588
0.583
0.5815
0.58
0.5735
0.5725
0.5815
0.584
0.5795
0.5785
0.573
0.5805
0.583
0.5855
0.581
0.589
0.5725
0.579
0.576
0.575
0.574
0.5735
0.5775
0.578
0.572
0.5805
0.5775
0.566
0.572
0.5875
0.5725
0.575
0.5705
0.5705
0.5785
0.5765
0.5675
0.5735
0.5775
0.5885
0.581
0.572
0.5825
0.574
0.577
0.582
0.576
0.583
0.573
0.57
0.578
0.5755
0.576
0.576
0.5755
0.579
0.574
0.5705
0.58
0.576
0.5735
0.573
0.5735
0.5745
0.577
0.586
0.5875
0.585
0.582
0.5775
0.571
0.5795
0.576
0.5795
0.575
0.5815
0.5765
0.572
0.574
0.578
0.5825
0.588
0.578
0.587
0.586
0.5805
0.582
0.581
0.585
0.579
0.5845
0.5805
0.5765
0.5825
0.5815
0.584
0.5825
0.5855
0.5855
0.564
0.5695
0.5845
0.581
0.578
0.5855
0.5845
0.586
0.5855
0.5825
0.589
0.5805
0.5805
0.572
0.575
0.5755
0.575
0.5825
0.5735
0.582
0.579
0.571
0.5795
0.5845
0.587
0.5685
0.5785
0.5755
0.58
0.579
0.5705
0.574
0.5755
0.571
0.576
0.5665
0.588
0.5755
0.5715
0.582
0.575
0.579
0.5805
0.569
0.5775
0.5775
0.5725
0.575
0.5745
0.5785
0.5795
0.5775
0.573
0.5785
0.581
0.58
0.569
0.575
0.5755
0.5865
0.5715
0.58
0.576
0.5825
0.5795
0.57
0.587
0.5715
0.581
0.574
0.5825
0.576
0.5745
0.5845
0.5775
0.577
0.58
0.5795
0.5755
0.5835
0.578
0.577
0.584
0.588
0.575
0.586
0.5755
0.5715
0.5775
0.5825
0.534
0.573
0.574
0.58
0.5845
0.5775
0.581
0.574
0.58
0.58
0.5735
0.5705
0.5745
0.571
0.5775
0.5795
0.575
0.571
0.581
0.575
0.579
0.576
0.57
0.5785
0.579
0.5655
0.5785
0.5795
0.573
0.571
0.575
0.574
0.575
0.573
0.5725
0.5765
0.5755
0.575
0.578
0.5745
0.574
0.5715
0.574
0.5735
0.5735
0.574
0.569
0.5715
0.5715
0.571
0.576
0.5675
0.568
0.566
0.57
0.5705
0.5655
0.568
0.587
0.572
0.567
0.5655
0.567
0.571
0.5745
0.5725
0.5695
0.568
0.5705
0.569
0.5815
0.568
0.5735
0.576
0.581
0.5735
0.58
0.574
0.5725
0.5685
0.5775
0.578
0.5645
0.577
0.567
0.564
0.5755
0.57
0.572
0.5725
0.5665
0.5715
0.5785
0.5725
0.579
0.5725
0.5695
0.5675
0.5705
0.5735
0.579
0.564
0.578
0.578
0.569
0.567
0.567
0.5735
0.57
0.5685
0.5695
0.5735
0.5675
0.574
0.573
0.5645
0.5735
0.576
0.5755
0.571
0.567
0.565
0.5765
0.574
0.5675
0.572
0.572
0.577
0.5625
0.5655
0.5615
0.5715
0.567
0.578
0.576
0.5755
0.5815
0.5775
0.581
0.569
0.571
0.5735
0.583
0.571
0.5725
0.586
0.575
0.5785
0.574
0.5725
0.5765
0.5675
0.5815
0.58
0.5735
0.584
0.578
0.5795
0.5735
0.5685
0.5795
0.576
0.566
0.5785
0.5725
0.569
0.5735
0.5765
0.5665
0.573
0.567
0.5675
0.5695
0.5635
0.5805
0.568
0.5715
0.5725
0.583
0.581
0.5715
0.5725
0.568
0.569
0.569
0.578
0.567
0.561
0.5785
0.5705
0.572
0.561
0.56
0.5685
0.566
0.569
0.5665
0.5665
0.5705
0.575
0.5745
0.5675
0.562
0.5675
0.566
0.575
0.568
0.562
0.567
0.5835
0.567
0.5715
0.575
0.5705
0.5765
0.573
0.5755
0.5665
0.569
0.569
0.5775
0.571
0.5715
0.5735
0.5725
0.572
0.5795
0.574
0.572
0.5755
0.5635
0.5745
0.573
0.578
0.5775
0.5665
0.5715
0.574
0.5685
0.5665
0.5675
0.58
0.5685
0.57
0.5655
0.5685
0.569
0.5745
0.5775
0.5735
0.5715
0.563
0.577
0.5715
0.575
0.5715
0.5715
0.5775
0.569
0.5745
0.574
0.574
0.571
0.566
0.5645
0.5695
0.566
0.5715
0.5615
0.5645
0.5695
0.5715
0.5755
0.5725
0.5715
0.5735
0.571
0.5685
0.5725
0.563
0.564
0.568
0.572
0.5775
0.5705
0.569
0.57
0.571
0.5575
0.574
0.5725
0.5715
0.574
0.5665
0.5685
0.5765
0.5805
0.572
0.5775
0.58
0.5705
0.5695
0.5755
0.5685
0.5705
0.569
0.5725
0.572
0.577
0.5645
0.562
0.567
0.567
0.5685
0.579
0.57
0.567
0.578
0.567
0.567
0.578
0.575
0.5685
0.5745
0.572
0.572
0.5765
0.568
0.5705
0.5785
0.5665
0.574
0.572
0.5745
0.5745
0.5775
0.572
0.5775
0.573
0.572
0.5775
0.573
0.57
0.569
0.5725
0.5725
0.5645
0.573
0.5785
0.568
0.573
0.576
0.579
0.5795
0.5725
0.571
0.574
0.5775
0.579
0.571
0.5795
0.577
0.5845
0.578
0.5725
0.572
0.572
0.579
0.576
0.573
0.568
0.579
0.5745
0.566
0.5765
0.5855
0.5785
0.574
0.58
0.5755
0.5755
0.59
0.5785
0.571
0.5805
0.586
0.5815
0.572
0.5785
0.582
0.5755
0.577
0.578
0.5865
0.583
0.5715
0.5855
0.585
0.5755
0.569
0.5685
0.5815
0.5855
0.579
0.585
0.582
0.59
0.583
0.574
0.5785
0.581
0.5795
0.5755
0.5755
0.5775
0.5775
0.5725
0.572
0.5735
0.5835
0.577
0.5725
0.5775
0.5765
0.575
0.5765
0.579
0.574
0.572
0.58
0.582
0.58
0.579
0.5755
0.578
0.581
0.5785
0.5775
0.576
0.5785
0.572
0.577
0.581
0.584
0.5665
0.5745
0.583
0.576
0.5815
0.5765
0.5725
0.5805
0.578
0.572
0.578
0.585
0.574
0.5805
0.5795
0.5705
0.5675
0.5825
0.5765
0.578
0.575
0.572
0.5665
0.584
0.573
0.5715
0.5815
0.576
0.5745
0.5775
0.585
0.5725
0.5735
0.582
0.5775
0.5695
0.5735
0.586
0.574
0.5795
0.569
0.5725
0.572
0.572
0.5655
0.5885
0.567
0.586
0.5695
0.581
0.576
0.572
0.576
0.5725
0.5735
0.5685
0.5825
0.576
0.579
0.58
0.573
0.5745
0.5735
0.5725
0.576
0.578
0.5795
0.581
0.5775
0.585
0.576
0.5755
0.5755
0.5725
0.581
0.584
0.5775
0.575
0.5845
0.5785
0.579
0.583
0.586
0.5735
0.581
0.5795
0.5775
0.5755
0.5695
0.572
0.585
0.577
0.5805
0.579
0.5665
0.5745
0.576
0.5695
0.579
0.578
0.576
0.5835
0.5715
0.577
0.568
0.5705
0.577
0.583
0.576
0.5815
0.583
0.5665
0.5725
0.5735
0.583
0.5785
0.569
0.577
0.569
0.58
0.566
0.5765
0.5735
0.572
0.5745
0.5675
0.5675
0.5755
0.5715
0.578
0.563
0.569
0.563
0.5705
0.572
0.569
0.5725
0.571
0.574
0.575
0.5745
0.5735
0.5785
0.5725
0.565
0.576
0.5705
0.5745
0.5775
0.5785
0.5825
0.57
0.569
0.5855
0.585
0.573
0.5775
0.5755
0.568
0.575
0.5725
0.5685
0.5835
0.571
0.571
0.572
0.579
0.573
0.573
0.578
0.578
0.5745
0.567
0.577
0.5725
0.568
0.5765
0.575
0.5705
0.573
0.574
0.5805
0.568
0.57
0.5755
0.5685
0.572
0.572
0.564
0.5705
0.5695
0.572
0.5725
0.58
0.5685
0.57
0.566
0.572
0.5685
0.5795
0.5745
0.576
0.5705
0.5785
0.578
0.578
0.5755
0.567
0.567
0.5835
0.5745
0.5765
0.5665
0.576
0.5685
0.573
0.5785
0.5795
0.579
0.5755
0.575
0.568
0.574
0.573
0.572
0.57
0.5735
0.573
0.5695
0.575
0.567
0.568
0.575
0.5665
0.5615
0.572
0.571
0.57
0.5725
0.566
0.573
0.571
0.5715
0.569
0.573
0.5725
0.5625
0.568
0.569
0.568
0.5695
0.57
0.5705
0.561
0.5715
0.567
0.5775
0.5665
0.5715
0.572
0.567
0.567
0.574
0.567
0.573
0.5625
0.5725
0.5665
0.5745
0.5645
0.565
0.5635
0.571
0.5685
0.569
0.575
0.5735
0.5705
0.5725
0.5745
0.573
0.5685
0.564
0.574
0.57
0.576
0.5725
0.573
0.5635
0.568
0.5705
0.5695
0.5715
0.57
0.5705
0.566
0.5645
0.5735
0.561
0.568
0.574
0.568
0.573
0.5685
0.5745
0.5685
0.5685
0.583
0.5695
0.572
0.569
0.5775
0.5825
0.566
0.564
0.566
0.5715
0.5705
0.558
0.5725
0.5615
0.5755
0.5615
0.5705
0.575
0.574
0.573
0.5775
0.5755
0.5725
0.567
0.5675
0.5705
0.564
0.5635
0.5685
0.562
0.5675
0.5585
0.5665
0.578
0.5675
0.571
0.568
0.5745
0.5755
0.572
0.5825
0.573
0.5755
0.5725
0.5715
0.567
0.566
0.5715
0.564
0.562
0.5645
0.562
0.572
0.5675
0.5735
0.5685
0.5775
0.569
0.569
0.566
0.5715
0.58
0.5705
0.574
0.5755
0.569
0.578
0.57
0.577
0.576
0.574
0.575
0.566
0.568
0.5715
0.5705
0.5735
0.572
0.5725
0.578
0.577
0.573
0.5735
0.5745
0.5725
0.567
0.564
0.57
0.569
0.564
0.571
0.5685
0.57
0.577
0.5695
0.569
0.5695
0.5695
0.5625
0.5705
0.577
0.5735
0.5685
0.564
0.578
0.567
0.5635
0.574
0.569
0.5725
0.5715
0.5695
0.561
0.575
0.584
0.5705
0.5695
0.57
0.5705
0.574
0.571
0.565
0.5695
0.5765
0.569
0.566
0.5725
0.5725
0.569
0.5645
0.5625
0.563
0.562
0.5755
0.567
0.564
0.568
0.5625
0.564
0.5685
0.564
0.5685
0.571
0.5705
0.5715
0.56
0.5745
0.5675
0.571
0.571
0.5565
0.566
0.5655
0.569
0.5645
0.5695
0.562
0.571
0.567
0.5605
0.5745
0.564
0.5705
0.5645
0.5645
0.5665
0.5635
0.553
0.5675
0.562
0.5625
0.5645
0.558
0.57
0.56
0.5655
0.5525
0.5605
0.5655
0.564
0.558
0.5555
0.569
0.567
0.565
0.5725
0.5535
0.567
0.56
0.565
0.563
0.565
0.563
0.5725
0.5605
0.5625
0.5565
0.5625
0.5585
0.5615
0.558
0.5665
0.561
0.564
0.574
0.563
0.569
0.563
0.569
0.555
0.576
0.566
0.573
0.568
0.5645
0.558
0.5665
0.5645
0.5655
0.5705
0.575
0.559
0.563
0.5715
0.5705
0.5675
0.563
0.5655
0.571
0.565
0.574
0.559
0.567
0.565
0.566
0.562
0.562
0.5665
0.565
0.5705
0.5665
0.5715
0.5625
0.5635
0.571
0.5585
0.567
0.5685
0.567
0.564
0.5665
0.569
0.5645
0.5655
