-0.0106143
0.235676
0.398469
0.470007
0.570436
0.556203
0.613091
0.64934
0.699301
0.776469
0.780841
0.823732
0.857637
0.857347
0.894177
0.860292
0.896307
0.858937
0.925718
0.928525
0.951384
0.872935
0.90698
0.918189
0.957057
0.97164
0.944279
0.93713
0.975423
0.988567
0.987179
1.01204
0.984285
0.934687
1.00728
0.994796
0.978596
0.98937
1.0141
0.989786
1.05736
1.0424
1.04719
1.02807
1.03443
1.03684
1.06763
1.02537
1.05642
1.03656
1.0552
1.06462
1.11578
1.07252
1.07185
1.07232
1.06323
1.09124
1.12343
1.07229
1.04043
1.05233
1.06188
1.10046
1.10597
1.07445
1.1141
1.08734
1.10901
1.07342
1.08943
1.10781
1.07359
1.10419
1.12874
1.09497
1.16436
1.1732
1.12358
1.11877
1.15237
1.14753
1.14967
1.12533
1.13635
1.16563
1.15312
1.10831
1.14279
1.16733
1.20061
1.16268
1.17991
1.14688
1.12803
1.17522
1.08784
1.13212
1.11162
1.20242
1.1826
1.16986
1.18291
1.18342
1.15069
1.17451
1.22073
1.20304
1.16141
1.1621
1.18088
1.19783
1.16896
1.24382
1.1838
1.19157
1.19365
1.23219
1.18467
1.19323
1.19407
1.2141
1.21061
1.15354
1.19451
1.20344
1.19153
1.19352
1.23144
1.19696
1.2564
1.22443
1.22229
1.24005
1.1946
1.2185
1.26701
1.1964
1.2476
1.24544
1.22108
1.23089
1.26455
1.25857
1.2656
1.21813
1.19156
1.24173
1.24399
1.21445
1.22616
1.2498
1.21685
1.28395
1.23429
1.2344
1.2505
1.2631
1.24127
1.25518
1.2322
1.30473
1.24182
1.25863
1.24492
1.27078
1.25681
1.22345
1.25761
1.26842
1.2883
1.23461
1.2814
1.25265
1.25145
1.25303
1.25592
1.25472
1.23206
1.21059
1.25231
1.22661
1.29544
1.24733
1.2498
1.27454
1.27411
1.2309
1.32805
1.23401
1.2607
1.25112
1.30366
1.25724
1.30389
1.2456
1.2726
1.30098
1.26689
1.27043
1.29416
1.29401
1.24868
1.26483
1.20936
1.24058
1.21988
1.24604
1.27798
1.27839
1.34452
1.27263
1.30059
1.27367
1.28037
1.26449
1.29331
1.30057
1.29502
1.28963
1.28059
1.27091
1.27577
1.3019
1.24485
1.30665
1.30698
1.35226
1.31083
1.27788
1.2908
1.31903
1.30449
1.27717
1.2831
1.25792
1.26943
1.27899
1.30371
1.31338
1.29843
1.24674
1.31193
1.30482
1.3108
1.34556
1.27184
1.30473
1.31835
1.25937
1.30889
1.2945
1.28127
1.31157
1.31828
1.2783
1.35328
1.26237
1.2725
1.28896
1.33467
1.32315
1.27307
1.31714
1.27945
1.31617
1.32173
1.31622
1.29821
1.30746
1.27674
1.29025
1.34459
1.31493
1.32899
1.2963
1.32076
1.28812
1.31915
1.3034
1.28487
1.27084
1.29163
1.28407
1.32276
1.2921
1.31595
1.31508
1.29833
1.28701
1.32222
1.27273
1.28425
1.28574
1.33132
1.29889
1.30416
1.27013
1.30197
1.30716
1.29902
1.29288
1.31039
1.31662
1.30766
1.31982
1.25743
1.3139
1.3708
1.2843
1.27596
1.30292
1.31423
1.32448
1.33878
1.30847
1.32057
1.28671
1.32366
1.31162
1.31244
1.31893
1.30699
1.33153
1.36578
1.30433
1.31125
1.33521
1.33068
1.31485
1.2935
1.29167
1.31656
1.27984
1.28974
1.32683
1.32112
1.29029
1.31293
1.3109
1.33296
1.28533
1.37539
1.27862
1.31845
1.28596
1.31623
1.33343
1.34401
1.28235
1.29036
1.32898
1.33094
1.31497
1.3474
1.29984
1.32027
1.32169
1.32416
1.3097
1.36214
1.31329
1.34137
1.31681
1.31652
1.35511
1.30399
1.30069
1.31282
1.36731
1.30604
1.33335
1.31695
1.33641
1.33706
1.29808
1.31647
1.3118
1.32134
1.3545
1.34695
1.36625
1.26633
1.32097
1.31623
1.29596
1.32143
1.27207
1.30072
1.32803
1.31247
1.36002
1.34472
1.29655
1.291
1.30517
1.306
1.29294
1.30351
1.31317
1.32217
1.29273
1.27999
1.31439
1.31724
1.31196
1.33622
1.32667
1.29592
1.32001
1.32681
1.30805
1.31669
1.28862
1.34508
1.30982
1.3346
1.30996
1.31516
1.35899
1.32407
1.28682
1.29298
1.27287
1.30018
1.33632
1.3421
1.32708
1.27773
1.28297
1.32384
1.34409
1.32106
1.31551
1.29041
1.2956
1.33964
1.3071
1.3078
1.30339
1.30709
1.32074
1.31619
1.27457
1.30349
1.32053
1.37211
1.37482
1.31132
1.327
1.32596
1.29681
1.31419
1.28045
1.29244
1.28613
1.32948
1.29382
1.38853
1.31631
1.33267
1.31611
1.32451
1.33692
1.30777
1.31961
1.32154
1.35129
1.31906
1.32937
1.30591
1.34999
1.32947
1.30154
1.4026
1.33475
1.37025
1.33568
1.33152
1.31278
1.33186
1.31893
1.34184
1.36539
1.36601
1.32226
1.38454
1.32105
1.32428
1.32467
1.40197
1.33087
1.338
1.33698
1.3012
1.37741
1.37442
1.34777
1.30595
1.31445
1.35103
1.34053
1.29364
1.34819
1.35683
1.29307
1.38819
1.30189
1.35008
1.31
1.32909
1.29825
1.34581
1.31079
1.29646
1.29823
1.27972
1.34353
1.31465
1.33466
1.35746
1.34414
1.33554
1.33047
1.32822
1.35933
1.32248
1.34922
1.33357
1.32642
1.3438
1.31666
1.35168
1.38765
1.35131
1.33752
1.33823
1.32717
1.32122
1.33443
1.386
1.32593
1.33936
1.35615
1.31581
1.32522
1.32651
1.33839
1.3275
1.34525
1.38707
1.32727
1.30621
1.37189
1.3221
1.33792
1.35565
1.34969
1.32845
1.33834
1.27353
1.36255
1.30426
1.29926
1.33733
1.34794
1.36393
1.26677
1.36417
1.37924
1.34757
1.36092
1.33264
1.33972
1.32637
1.36462
1.37175
1.35818
1.35245
1.35358
1.33206
1.34164
1.33757
1.36485
1.34607
1.33149
1.32807
1.3453
1.37899
1.33019
1.3022
1.35801
1.30895
1.3464
1.35799
1.38989
1.28848
1.34463
1.34307
1.38234
1.35466
1.32462
1.37242
1.35789
1.35804
1.37027
1.31511
1.39877
1.36525
1.34374
1.32299
1.34835
1.37693
1.32575
1.35707
1.36032
1.37082
1.34637
1.37923
1.36968
1.31934
1.33032
1.35545
1.33528
1.33375
1.36808
1.3069
1.35168
1.356
1.33769
1.31061
1.43041
1.34052
1.34275
1.36624
1.32414
1.30577
1.32887
1.3567
1.32111
1.35695
1.37099
1.32665
1.40645
1.38552
1.37407
1.38925
1.41254
1.35704
1.3546
1.34226
1.32855
1.33733
1.32493
1.34328
1.34245
1.36898
1.35256
1.32256
1.36002
1.366
1.33232
1.37634
1.36881
1.33992
1.33056
1.33233
1.375
1.34106
1.34617
1.37307
1.34341
1.37592
1.34122
1.34475
1.32574
1.3147
1.37778
1.36276
1.33798
1.32916
1.39228
1.35758
1.3723
1.37779
1.36769
1.36588
1.36985
1.36313
1.35961
1.34363
1.32802
1.34838
1.39808
1.30577
1.3319
1.38055
1.35731
1.38332
1.35658
1.33524
1.37221
1.38094
1.39222
1.32903
1.36386
1.32633
1.3666
1.35298
1.33806
1.35282
1.36332
1.39161
1.39185
1.37617
1.33364
1.39092
1.36819
1.32755
1.35461
1.34902
1.37074
1.35544
1.34569
1.34833
1.36781
1.38355
1.31515
1.39819
1.40406
1.39112
1.37701
1.35131
1.34911
1.34721
1.36642
1.32047
1.39321
1.35889
1.37334
1.37803
1.34332
1.36706
1.35667
1.37988
1.31456
1.38785
1.3274
1.33352
1.33601
1.34857
1.39098
1.36139
1.36787
1.35223
1.39074
1.37741
1.33841
1.42289
1.34048
1.36751
1.37662
1.37281
1.38115
1.36251
1.34304
1.41048
1.33567
1.4078
1.35742
1.3646
1.36708
1.37249
1.38842
1.37781
1.34266
1.36825
1.36441
1.42737
1.33228
1.35547
1.36176
1.36173
1.393
1.40214
1.34075
1.35945
1.36032
1.3416
1.37129
1.369
1.37394
1.37549
1.36817
1.34725
1.39541
1.34465
1.36028
1.36144
1.34606
1.36207
1.34736
1.3838
1.35256
1.39043
1.36438
1.3751
1.41183
1.35751
1.35878
1.37206
1.34581
1.34614
1.32013
1.36287
1.36957
1.38893
1.37456
1.37074
1.36184
1.38696
1.36898
1.39635
1.34252
1.35559
1.37113
1.35317
1.36299
1.35704
1.36146
1.3139
1.34317
1.37355
1.36045
1.36292
1.32666
1.37393
1.39113
1.33596
1.38997
1.40257
1.39603
1.35437
1.37958
1.41938
1.35826
1.42611
1.36148
1.38215
1.35812
1.36452
1.34614
1.35208
1.39735
1.38662
1.33496
1.37223
1.34384
1.39211
1.36027
1.40302
1.37669
1.41392
1.34508
1.36836
1.39418
1.38695
1.38243
1.4185
1.37289
1.36302
1.35081
1.36992
1.39871
1.35975
1.36498
1.37028
1.34777
1.3684
1.30929
1.38539
1.37064
1.40193
1.35045
1.35233
1.38188
1.3494
1.41081
1.34707
1.36804
1.35646
1.33696
1.38964
1.32766
1.37309
1.40128
1.37898
1.36694
1.3835
1.38908
1.2973
1.36951
1.40918
1.34762
1.39609
1.40101
1.34967
1.38654
1.36276
1.34065
1.37251
1.39829
1.37379
1.37088
1.36336
1.36935
1.30293
1.35851
1.34894
1.3352
1.34601
1.3903
1.39227
1.3739
1.365
1.38443
1.36906
1.35436
1.35469
1.39763
1.37631
1.35691
1.35869
1.37638
1.43145
1.35896
1.38488
1.32322
1.40716
1.36566
1.39213
1.39751
1.33932
1.39223
1.41869
1.36905
1.35876
1.38838
1.37022
1.42317
1.38203
1.31161
1.37624
1.34828
1.3494
1.37497
1.39719
1.34738
1.39987
1.39032
1.32734
1.35931
1.36165
1.3221
1.32472
1.39763
1.36893
1.34078
1.38525
1.33092
1.31285
1.36399
1.38211
1.33861
1.41678
1.37975
1.34836
1.35997
1.35779
1.38933
1.39003
1.34466
1.3751
1.38284
1.36154
1.36952
1.42423
1.3603
1.39739
1.40112
1.34671
1.36401
1.32987
1.33276
1.40125
1.35753
1.38543
1.37
1.39389
1.31898
1.37335
1.40529
1.37058
1.38198
1.4253
1.40312
1.36534
1.42163
1.35674
1.37095
1.33711
1.32051
1.35751
1.35931
1.39255
1.3652
1.3874
1.33273
1.40311
1.39015
1.38565
1.323
1.39296
1.3623
1.35339
1.40373
1.33036
1.36869
1.39849
1.38245
1.39252
1.4131
1.39814
1.34693
1.35825
1.39236
1.39644
1.39163
1.35707
1.36983
1.38103
1.37769
1.3542
1.37905
1.33731
1.37487
1.39431
1.36796
1.43193
1.39019
1.36432
1.40311
1.37812
1.21566
1.36255
1.40727
1.39111
1.37792
1.36023
1.37653
1.43272
1.4023
1.40826
1.38788
1.37866
1.32045
1.34513
1.34215
1.39343
1.38408
1.37534
1.3674
1.40245
1.34287
1.32226
1.35514
1.37546
1.35999
1.43328
1.40674
1.39833
1.36726
1.38413
1.37423
1.40511
1.36335
1.39655
1.38171
1.37015
1.33031
1.38986
1.37616
1.3497
1.41413
1.37935
1.30993
1.36973
1.41378
1.37183
1.37439
1.42408
1.35692
1.39354
1.38951
1.3656
1.37746
1.38109
1.3512
1.37741
1.40667
1.37741
1.385
1.38672
1.35656
1.38843
1.3863
1.41075
1.40169
1.31952
1.39149
1.37058
1.41134
1.41469
1.38223
1.37028
1.3592
1.35091
1.37251
1.37177
1.39538
1.34594
1.36453
1.43952
1.39618
1.38134
1.38203
1.36487
1.40869
1.3766
1.41142
1.41798
1.40047
1.38011
1.37884
1.37298
1.35868
1.39546
1.39061
1.37782
1.35449
1.37491
1.392
1.3499
1.36997
1.36208
1.40796
1.36835
1.37904
1.41511
1.41233
1.38856
1.39491
1.42159
1.38993
1.34543
1.36879
1.40787
1.37867
1.40858
1.38263
1.35031
1.37769
1.38821
1.41109
1.36572
1.38199
1.36359
1.40607
1.37719
1.38308
1.40384
1.40221
1.37744
1.36886
1.3856
1.36812
1.35322
1.39964
1.3769
1.37156
1.3626
1.41159
1.37805
1.35808
1.41045
1.37904
1.38596
1.34663
1.38546
1.41213
1.37754
1.38266
1.37252
1.40894
1.38568
1.39201
1.35276
1.38754
1.35178
1.42079
1.41142
1.41706
1.37415
1.37383
1.39278
1.37528
1.41989
1.38561
1.39057
1.34605
1.41536
1.42927
1.40526
1.41684
1.43304
1.36795
1.36447
1.38362
1.3684
1.34373
1.42207
1.40331
1.38475
1.41702
1.37168
1.37337
1.37844
1.40788
1.35862
1.39314
1.39251
1.41625
1.35891
1.36224
1.37248
1.37018
1.42456
1.40498
1.4032
1.39155
1.39196
1.45104
1.34021
1.36304
1.33053
1.40847
1.41451
1.378
1.36646
1.40474
1.36346
1.36826
1.37736
1.41388
1.36373
1.38176
1.32798
1.37763
1.37539
1.41275
1.40419
1.40218
1.37549
1.35372
1.3831
1.36456
1.42191
1.39045
1.37138
1.42773
1.35568
1.39525
1.39325
1.39178
1.37528
1.37242
1.34471
1.4217
1.39956
1.39919
1.39735
1.39289
1.38551
1.39258
1.35634
1.38179
1.41776
1.40819
1.43595
1.39295
1.46497
1.37617
1.3566
1.43194
1.38744
1.43236
1.39826
1.40523
1.37841
1.42923
1.40345
1.36143
1.36794
1.37732
1.37138
1.47668
1.45107
1.3848
1.37303
1.40045
1.39107
1.4052
1.39254
1.35851
1.3772
1.40464
1.43109
1.39639
1.40675
1.42357
1.39387
1.3739
1.43386
1.37372
1.40554
1.38827
1.39675
1.45827
1.39296
1.43041
1.3847
1.41702
1.36368
1.41124
1.39409
1.43484
1.39109
1.36842
1.41224
1.43253
1.42054
1.42382
1.40476
1.38326
1.38731
1.38438
1.39939
1.34719
1.41649
1.39636
1.38361
1.39982
1.39892
1.40075
1.37557
1.38729
1.40708
1.35739
1.40212
1.39436
1.41414
1.38263
1.41491
1.40603
1.38139
1.4117
1.4085
1.44804
1.38872
1.35436
1.42676
1.38398
1.44604
1.37212
1.38287
1.37688
1.36543
1.40385
1.4405
1.40323
1.42796
1.39422
1.42309
1.4023
1.38293
1.42724
1.38922
1.38318
1.4127
1.37519
1.36269
1.40363
1.42808
1.37597
1.43389
1.39442
1.36257
1.40517
1.37246
1.41445
1.41254
1.40276
1.44295
1.43803
1.43937
1.44404
1.3987
1.4203
1.40702
1.36084
1.41716
1.37461
1.43019
1.36607
1.43462
1.38409
1.39829
1.43101
1.39169
1.43225
1.41222
1.41757
1.37565
1.38815
1.4293
1.34393
1.40687
1.42703
1.404
1.42763
1.37895
1.42936
1.40484
1.4434
1.3831
1.40989
1.42557
1.38942
1.38108
1.42717
1.44464
1.42644
1.38788
1.44385
1.371
1.38938
1.38593
1.4192
1.39058
1.36871
1.39587
1.39704
1.39267
1.3745
1.42242
1.35203
1.42226
1.41665
1.42188
1.41066
1.37013
1.44039
1.46219
1.43113
1.42768
1.42522
1.4032
1.36595
1.3831
1.38866
1.38491
1.39037
1.40287
1.41017
1.41375
1.35885
1.37785
1.39138
1.41128
1.4115
1.40949
1.38622
1.40145
1.43608
1.35804
1.41974
1.41816
1.43748
1.41075
1.41393
1.37318
1.43115
1.4339
1.40518
1.4011
1.40953
1.40927
1.3889
1.42051
1.4007
1.39053
1.37361
1.39784
1.39046
1.38702
1.43325
1.37873
1.44616
1.37217
1.37482
1.39279
1.39376
1.35264
1.35507
1.3781
1.41336
1.3956
1.38414
1.40085
1.3943
1.3814
1.37214
1.40969
1.41256
1.37246
1.39058
1.42994
1.45932
1.40407
1.43248
1.37443
1.4578
1.41726
1.43002
1.4087
1.43483
1.38675
1.41374
1.38956
1.43282
1.41962
1.39605
1.37222
1.38864
1.37604
1.43567
1.4243
1.40377
1.41226
1.38449
1.42604
1.42151
1.40784
1.4126
1.41768
1.4474
1.42266
1.35865
1.39261
1.39062
1.38463
1.40085
1.43321
1.40234
1.40874
1.39245
1.38897
1.40207
1.45158
1.41238
1.4182
1.43332
1.41729
1.40617
1.4491
1.37219
1.40776
1.39212
1.39536
1.39965
1.43003
1.39339
1.41621
1.44811
1.38775
1.40555
1.46971
1.39069
1.42444
1.42987
1.38521
1.44228
1.39573
1.445
1.42653
1.38468
1.4063
1.36827
1.41325
1.4068
1.40708
1.40811
1.39863
1.42546
1.38448
1.3879
1.35923
1.42378
1.39608
1.41451
1.41841
1.34847
1.40086
1.4238
1.42183
1.39294
1.4081
1.38818
1.40287
1.40339
1.41276
1.40663
1.38442
1.38511
1.40434
1.4539
1.43172
1.37433
1.43759
1.44871
1.43473
1.37383
1.42703
1.39213
1.39447
1.45486
1.4166
1.40877
1.4125
1.4201
1.45556
1.40125
1.35045
1.40463
1.38988
1.37289
1.43203
1.46966
1.39616
1.43256
1.40615
1.40122
1.40261
1.42748
1.40662
1.4179
1.38407
1.42453
1.45338
1.42713
1.397
1.41433
1.3974
1.39954
1.41017
1.42466
1.40514
1.44289
1.39892
1.41514
1.41802
1.43555
1.38133
1.4208
1.42878
1.44797
1.39795
1.39489
1.41285
1.39391
1.36633
1.44174
1.4033
1.37594
1.39975
1.39416
1.38542
1.38299
1.39783
1.40381
1.39009
1.41644
1.39928
1.44276
1.42129
1.40374
1.40623
1.39578
1.43079
1.46143
1.39925
1.40273
1.42284
1.41215
1.39769
1.46119
1.39849
1.44181
1.4354
1.40834
1.38142
1.44695
1.42511
1.43059
1.40022
1.44067
1.43527
1.41288
1.41796
1.38225
1.3738
1.38525
1.4284
1.4779
1.43394
1.38048
1.41585
1.38442
1.43776
1.43857
1.45294
1.43849
1.4342
1.41667
1.44359
1.37476
1.4011
1.37491
1.41303
1.42519
1.38627
1.42914
1.48493
1.37956
1.43202
1.42549
1.40253
1.43506
1.42602
1.42917
1.42858
1.43299
1.45267
1.42387
1.41819
1.4137
1.43582
1.48819
1.40118
1.43581
1.38937
1.38141
1.4069
1.39537
1.43464
1.44523
1.44498
1.43093
1.39299
1.45002
1.39938
1.40235
1.40184
1.44747
1.4923
1.42935
1.37265
1.42468
1.4158
1.4687
1.39979
1.38966
1.4251
1.4554
1.41365
1.43247
1.46195
1.4489
1.38944
1.39187
1.43282
1.43818
1.41434
1.4141
1.45148
1.42386
1.41206
1.44475
1.40523
1.43509
1.40728
1.39261
1.46165
1.41585
1.42495
1.40154
1.42662
1.35755
1.41684
1.42045
1.39301
1.39232
1.3901
1.42178
1.4181
1.41394
1.41907
1.37229
1.4465
1.45847
1.44327
1.39306
1.39777
1.40012
1.43247
1.39346
1.42248
1.44204
1.39687
1.45067
1.39747
1.45656
1.42539
1.39824
1.38638
1.43604
1.40239
1.43833
1.42186
1.44827
1.43671
1.42096
1.46091
1.40019
1.44734
1.439
1.44158
1.37797
1.43266
1.42494
1.40284
1.3654
1.4335
1.46405
1.36842
1.40807
1.44075
1.46491
1.41032
1.36925
1.47226
1.39772
1.46038
1.43929
1.43393
1.42432
1.3885
1.40771
1.46521
1.43121
1.40872
1.44324
1.42976
1.35225
1.40139
1.40821
1.44833
1.4128
1.43197
1.43223
1.37301
1.42737
1.40133
1.45135
1.40009
1.3875
1.43914
1.40283
1.3933
1.47514
1.47878
1.42083
1.37388
1.39294
1.44919
1.40872
1.40282
1.38031
1.40988
1.4056
1.45083
1.42873
1.39901
1.42236
1.41832
1.44408
1.41145
1.40126
1.39965
1.40072
1.41685
1.42323
1.4393
1.43617
1.40069
1.39156
1.42623
1.43216
1.40346
1.38872
1.41583
1.46235
1.4429
1.45419
1.41757
1.40832
1.40549
1.39873
1.38216
1.42955
1.41145
1.38607
1.45901
1.41688
1.40727
1.41006
1.40642
1.46074
1.43623
1.43505
1.44569
1.45097
1.42567
1.3735
1.45519
1.39927
1.45366
1.4396
1.41808
1.4191
1.4121
1.43847
1.45065
1.44514
1.39447
1.42403
1.39698
1.44849
1.4192
1.42037
1.41283
1.41798
1.43084
1.47237
1.42309
1.44485
1.46138
1.41826
1.41136
1.40377
1.40912
1.45059
1.43945
1.44323
1.41372
1.43343
1.44319
1.44436
1.44671
1.41661
1.40676
1.45699
1.43771
1.49692
1.46504
1.46512
1.42458
1.39256
1.42187
1.41159
1.4008
1.38719
1.43373
1.44415
1.42262
1.429
1.43025
1.42214
1.4299
1.41924
1.41744
1.43317
1.46788
1.38169
1.39968
1.46509
1.42437
1.42643
1.47606
1.43302
1.37601
1.42912
1.3972
1.44162
1.44308
1.43702
1.4494
1.45952
1.43356
1.43587
1.43025
1.40865
1.43038
1.41724
1.43386
1.39159
1.42382
1.41998
1.41814
1.45526
1.46139
1.42335
1.3948
1.45585
1.41472
1.44959
1.4228
1.44606
1.39487
1.39346
1.38477
1.40722
1.46195
1.39364
1.45415
1.42927
1.44695
1.39796
1.46255
1.44792
1.40604
1.46013
1.44993
1.45502
1.4457
1.38473
1.41521
1.40817
1.4278
1.43299
1.42236
1.45381
1.41627
1.38518
1.41158
1.41356
1.43393
1.42681
1.41765
1.42905
1.47855
1.44937
1.40817
1.44096
1.44955
1.44552
1.43887
1.45101
1.3879
1.44785
1.4076
1.42175
1.43967
1.43172
1.44257
1.39087
1.44431
1.43345
1.4236
1.44764
1.41123
1.39764
1.41816
1.44412
1.43366
1.4415
1.44179
1.42795
1.42619
1.43799
1.46799
1.46637
1.42735
1.48496
1.41972
1.4069
1.39721
1.46034
1.4306
1.42901
1.43916
1.49111
1.45681
1.39859
1.40426
1.44972
1.42767
1.43798
1.43418
1.39728
1.4229
1.43386
1.46292
1.38741
1.42329
1.44027
1.419
1.36942
1.40735
1.46581
1.4129
1.42447
1.44018
1.44093
1.47414
1.41785
1.43253
1.37095
1.39573
1.37671
1.4585
1.45459
1.48648
1.44943
1.448
1.41441
1.43649
1.42676
1.42536
1.44362
1.43549
1.45657
1.44443
1.43177
1.45615
1.42784
1.42036
1.44969
1.4514
1.43421
1.41034
1.4389
1.41626
1.41277
1.38832
1.42247
1.45138
1.43475
1.44538
1.43125
1.44632
1.43391
1.41413
1.39071
1.44341
1.42799
1.45621
1.43685
1.45266
1.48721
1.44189
1.44006
1.42174
1.44907
1.41163
1.45277
1.43283
1.42515
1.41937
1.4174
1.39659
1.45169
1.40989
1.49026
1.43655
1.41992
1.45164
1.42909
1.44354
1.43635
1.43819
1.45366
1.43646
1.43739
1.4405
1.4406
1.45009
1.42332
1.47423
1.47867
1.42991
1.41725
1.46176
1.43119
1.4071
1.43751
1.41232
1.43829
1.46812
1.45379
1.45178
1.44525
1.43214
1.42987
1.45108
1.42973
1.41883
1.43231
1.4498
1.43677
1.41518
1.42641
1.49893
1.4255
1.41113
1.41996
1.4354
1.47386
1.41752
1.45587
1.42903
1.43253
1.42845
1.50279
1.43083
1.44753
1.44765
1.41031
1.44569
1.44048
1.42843
1.41284
1.44623
1.42979
1.38887
1.4634
1.43919
1.43592
1.39294
1.44376
1.40727
1.4518
1.4929
1.44297
1.41768
1.43356
1.47954
1.43343
1.42624
1.42582
1.44843
1.44328
1.42602
1.41556
1.46395
1.46159
1.3835
1.45899
1.41466
1.44535
1.42852
1.42467
1.42647
1.48593
1.43731
1.43739
1.44573
1.40284
1.42822
1.44447
1.40475
1.43163
1.46586
1.46262
1.44495
1.42209
1.41509
1.45752
1.45464
1.45501
1.4346
1.46933
1.43431
1.45947
1.43905
1.44852
1.4819
1.45208
1.45403
1.43199
1.45649
1.49486
1.42707
1.43148
1.44685
1.40914
1.48618
1.45416
1.43779
1.44476
1.43986
1.39966
1.43733
1.46057
1.4285
1.48309
1.43737
1.40681
1.43706
1.41662
1.43892
1.42027
1.43535
1.45263
1.45643
1.42423
1.4431
1.39966
1.4199
1.47925
1.43972
1.43425
1.45239
1.44089
1.45436
1.48482
1.45782
1.44149
1.42573
1.42102
1.46574
1.44154
1.4523
1.41657
1.46491
1.44421
1.41461
1.42732
1.4493
1.43741
1.48848
1.40422
1.49772
1.43256
1.42785
1.44426
1.45737
1.47082
1.43092
1.44618
1.42947
1.41724
1.41125
1.47189
1.44921
1.47845
1.47424
1.39876
1.44666
1.45841
1.45786
1.44762
1.45347
1.42504
1.42534
1.43028
1.4334
1.46758
1.45135
1.40819
1.40649
1.44815
1.45263
1.40999
1.40896
1.40381
1.46701
1.40752
1.41594
1.41911
1.39776
1.43386
1.40536
1.40913
1.40092
1.4895
1.43175
1.42806
1.40923
1.47105
1.45344
1.45516
1.45314
1.44886
1.47681
1.3962
1.44681
1.44868
1.39284
1.43485
1.42282
1.46391
1.4515
1.44505
1.4137
1.43184
1.44581
1.44029
1.47088
1.43602
1.46332
1.43395
1.40812
1.42816
1.45703
1.44591
1.38641
1.39955
1.45141
1.46235
1.43574
1.47419
1.44338
1.44618
1.46645
1.44713
1.41521
1.42416
1.41946
1.3967
1.4729
1.44829
1.46305
1.42815
1.43966
1.44406
1.43782
1.45025
1.42152
1.47064
1.45739
1.44731
1.46651
1.43834
1.49552
1.40317
1.40376
1.45544
1.44289
1.4534
1.4677
1.46518
1.40356
1.42846
1.40781
1.43042
1.444
1.44266
1.43012
1.42924
1.40315
1.40401
1.44316
1.46529
1.44911
1.40461
1.46134
1.43434
1.47307
1.42575
1.48636
1.4088
1.4712
1.44526
1.41453
1.42444
1.4111
1.39511
1.42611
1.40713
1.48532
1.42548
1.43966
1.46119
1.43805
1.40398
1.46302
1.40735
1.45836
1.44365
1.4025
1.4381
1.44179
1.46894
1.47662
1.37383
1.39806
1.40465
1.47008
1.36354
1.42226
1.45395
1.42773
1.46454
1.44065
1.42876
1.44905
1.41406
1.43134
1.46369
1.47403
1.39337
1.44982
1.4082
1.49022
1.4636
1.43135
1.42543
1.44693
1.41353
1.45979
1.45253
1.40833
1.41705
1.44047
1.42138
1.45722
1.48979
1.42385
1.42452
1.42925
1.40325
1.4179
1.46734
1.4306
1.45972
1.43695
1.418
1.42522
1.47898
1.39681
1.41047
1.43753
1.46265
1.45443
1.44269
1.41034
1.41746
1.45755
1.40818
1.42659
1.45762
1.47361
1.42445
1.47366
1.41445
1.4472
1.45386
1.42057
1.45018
1.44869
1.42632
1.47969
1.43332
1.43065
1.42647
1.44412
1.41028
1.44591
1.42115
1.44871
1.45524
1.42049
1.48337
1.44155
1.42797
1.43942
1.42763
1.46778
1.47222
1.43207
1.46834
1.44195
1.39888
1.41315
1.43499
1.42904
1.42699
1.43101
1.42056
1.47001
1.49819
1.43964
1.44248
1.4761
1.44716
1.42437
1.47427
1.43123
1.40072
1.41784
1.43775
1.42186
1.3673
1.43033
1.41831
1.46056
1.45318
1.47765
1.45532
1.4338
1.43825
1.49686
1.43291
1.42167
1.421
1.4341
1.45303
1.44096
1.47043
1.41444
1.4559
1.44657
1.42591
1.50407
1.45879
1.38429
1.41968
1.44792
1.42013
1.45561
1.44994
1.44817
1.42544
1.38604
1.48121
1.43794
1.43389
1.43894
1.4776
1.48547
1.43671
1.41458
1.44493
1.47557
1.44172
1.46348
1.45788
1.47424
1.44996
1.44559
1.44749
1.46554
1.46539
1.46073
1.44276
1.43454
1.42648
1.46799
1.42528
1.44242
1.44555
1.46561
1.44515
1.45948
1.47881
1.425
1.42348
1.43446
1.41104
1.48256
1.44598
1.45391
1.47054
1.46227
1.41596
1.44945
1.46185
1.41169
1.43684
1.4552
1.44422
1.43857
1.4813
1.44964
1.41431
1.40614
1.46033
1.40888
1.38355
1.43762
1.41942
1.38785
1.41618
1.44777
1.41417
1.4502
1.47396
1.47979
1.46725
1.42872
1.45639
1.4638
1.39645
1.44055
1.45003
1.46153
1.482
1.44542
1.48448
1.45951
1.47983
1.50047
1.45067
1.48596
1.47953
1.43395
1.45989
1.44043
1.46482
1.44809
1.46843
1.44859
1.4474
1.44744
1.44949
1.46001
1.45845
1.49383
1.44049
1.44003
1.47369
1.47328
1.45797
1.4774
1.44592
1.43626
1.42259
1.42748
1.47998
1.43717
1.42566
1.45485
1.43692
1.46079
1.47546
1.47924
1.43702
1.45886
1.48512
1.40294
1.43474
1.44212
1.46609
1.45033
1.39118
1.50412
1.49076
1.45476
1.44394
1.47315
1.48231
1.43482
1.44013
1.43227
1.48689
1.43573
1.44393
1.42722
1.43489
1.46134
1.40743
1.44838
1.44442
1.47357
1.42213
1.47515
1.48319
1.42469
1.44074
1.45949
1.4947
1.46981
1.44329
1.42914
1.48135
1.45301
1.46452
1.47257
1.44748
1.43017
1.46049
1.43045
1.48136
1.44422
1.45349
1.45809
1.47698
1.43959
1.4594
1.45414
1.46073
1.43271
1.48211
1.42565
1.41996
1.44005
1.47489
1.4636
1.45027
1.44086
1.47973
1.42143
1.46329
1.40771
1.45258
1.46449
1.47044
1.44423
1.45281
1.43883
1.46826
1.49161
1.43324
1.50121
1.46661
1.49054
1.46626
1.4493
1.43969
1.41725
1.45399
1.49139
1.47643
1.46926
1.46325
1.48116
1.43552
1.4368
1.45065
1.42528
1.43589
1.44193
1.44025
1.48554
1.45653
1.47919
1.46529
1.40905
1.47236
1.45219
1.48538
1.45737
1.43341
1.4415
1.42719
1.44631
1.4767
1.4584
1.41435
1.45112
1.44115
1.44191
1.48834
1.44539
1.47267
1.45611
1.41597
1.47906
1.44407
1.44298
1.42392
1.48101
1.44402
1.51463
1.43929
1.46758
1.46534
1.44393
1.42874
1.43628
1.5114
1.43308
1.45956
1.44607
1.43727
1.41343
1.47109
1.49039
1.43108
1.44563
1.45543
1.50037
1.43559
1.44321
1.46303
1.45101
1.44365
1.43075
1.45259
1.4278
1.45455
1.46843
1.40768
1.46808
1.48214
1.4667
1.47096
1.4352
1.39855
1.4562
1.47783
1.52655
1.42147
1.45427
1.45624
1.47187
1.46553
1.50824
1.50573
1.46022
1.50571
1.48166
1.47214
1.47889
1.49852
1.49992
1.4873
1.44595
1.43436
1.48748
1.46024
1.44961
1.46961
1.46044
1.44169
1.46608
1.47644
1.44765
1.453
1.42243
1.44041
1.4765
1.46968
1.45772
1.47269
1.44622
1.42876
1.40505
1.4827
1.4586
1.43449
1.44344
1.43627
1.42292
1.47065
1.42805
1.43384
1.47277
1.43614
1.4574
1.50346
1.44811
1.40087
1.46291
1.44251
1.43565
1.41522
1.40243
1.43453
1.46856
1.46286
1.4169
1.40473
1.43198
1.45944
1.48673
1.46453
1.4608
1.47749
1.46615
1.48209
1.4708
1.47535
1.46123
1.4526
1.48662
1.47274
1.40031
1.43643
1.45101
1.49126
1.40921
1.47534
1.47457
1.46878
1.42687
1.44485
1.47183
1.47451
1.44822
1.4744
1.49522
1.46921
1.46351
1.46732
1.45774
1.4432
1.4628
1.44756
1.42882
1.44541
1.43976
1.45237
1.43485
1.42161
1.44185
1.44817
1.42641
1.48065
1.47557
1.46686
1.45289
1.50082
1.42385
1.4171
1.47504
1.46816
1.48699
1.44287
1.43979
1.49837
1.46092
1.47214
1.42924
1.4042
1.49765
1.44871
1.44239
1.46864
1.42998
1.47292
1.40879
1.44575
1.42897
1.47282
1.49181
1.44986
1.40879
1.448
1.44921
1.46765
1.40654
1.47562
1.43901
1.45552
1.4837
1.44456
1.46222
1.48439
1.47266
1.4195
1.46883
1.46669
1.49219
1.4862
1.45792
1.52047
1.46942
1.41481
1.4801
1.51087
1.465
1.47764
1.42814
1.42217
1.51577
1.45839
1.49486
1.15336
1.45832
1.40395
1.4652
1.44246
1.43882
1.44807
1.46353
1.48772
1.43912
1.43468
1.50145
1.47869
1.45293
1.44392
1.50916
1.45634
1.393
1.50645
1.49375
1.47696
1.4796
1.46271
1.47507
1.47864
1.45324
1.50188
1.49699
1.4653
1.43891
1.47724
1.46284
1.47394
1.46831
1.4529
1.47419
1.44416
1.42516
1.46302
1.48669
1.45253
1.41134
1.44996
1.44613
1.45021
1.46906
1.49161
1.43004
1.44668
1.469
1.4244
1.45786
1.50094
1.44252
1.42806
1.47225
1.44613
1.45701
1.46887
1.4448
1.45226
1.46623
1.44234
1.42664
1.4669
1.48544
1.44581
1.47504
1.45284
1.47092
1.46928
1.47823
1.40561
1.45015
1.4195
1.47796
1.48446
1.48334
1.45912
1.47174
1.47569
1.46933
1.4682
1.49649
1.47113
1.4799
1.42969
1.55639
1.5002
1.50314
1.46877
1.4648
1.42291
1.46305
1.45106
1.46133
1.50315
1.44949
1.5342
1.52021
1.47857
1.47011
1.46091
1.43818
1.49497
1.44828
1.4922
1.42991
1.45056
1.44238
1.45646
1.51166
1.47711
1.47592
1.47948
1.46097
1.51624
1.48782
1.47915
1.45205
1.44294
1.43053
1.50244
1.47028
1.46073
1.46762
1.47965
1.43276
1.47529
1.42801
1.42919
1.43024
1.47981
1.48474
1.44643
1.45987
1.47337
1.51343
1.42276
1.44673
1.55539
1.4433
1.47402
1.46334
1.4767
1.43465
1.48679
1.45701
1.45319
1.45741
1.47832
1.45821
1.52037
1.47883
1.45082
1.50294
1.47559
1.49466
1.42245
1.44977
1.4365
1.4544
1.46338
1.5035
1.45074
1.45794
1.48518
1.44024
1.49306
1.48642
1.46383
1.46935
1.4607
1.48752
1.43157
1.43275
1.49745
1.43025
1.44027
1.44878
1.40841
1.49227
1.46159
1.49485
1.47399
1.49328
1.41485
1.46374
1.50955
1.47383
1.46131
1.43872
1.50091
1.43213
1.43743
1.46844
1.46653
1.46583
1.47369
1.43147
1.47655
1.41403
1.43279
1.49028
1.48361
1.50186
1.43324
1.50797
1.42184
1.45219
1.48852
1.50723
1.51598
1.46082
1.4928
1.43047
1.43409
1.46456
1.46724
1.47607
1.50439
1.46433
1.49989
1.4595
1.49029
1.41632
1.47292
1.4674
1.45692
1.50973
1.46497
1.44357
1.53126
1.45749
1.48504
1.44891
1.4364
1.51138
1.45442
1.43431
1.50272
1.47245
1.48143
1.45832
1.43194
1.45864
1.45226
1.51971
1.43537
1.46765
1.48678
1.47761
1.47065
1.48638
1.48015
1.45214
1.50902
1.45253
1.44214
1.45518
1.46078
1.4666
1.47426
1.5201
1.4817
1.4694
1.45274
1.48776
1.45249
1.45781
1.4824
1.483
1.50018
1.48536
1.47373
1.48324
1.4896
1.48817
1.41239
1.48048
1.45332
1.44652
1.43377
1.49992
1.4855
1.46604
1.4895
1.47346
1.46611
1.42994
1.45713
1.47965
1.45899
1.46844
1.49465
1.49485
1.46217
1.49695
1.50682
1.49541
1.50275
1.49234
1.50273
1.48652
1.5202
1.4861
1.48012
1.45349
1.44729
1.46047
1.44204
1.48538
1.49159
1.49199
1.48991
1.48261
1.51822
1.45271
1.443
1.44541
1.45081
1.45095
1.47066
1.51499
1.49811
1.46725
1.46269
1.4634
1.48873
1.50025
1.44511
1.451
1.45162
1.47456
1.47405
1.50474
1.46041
1.47692
1.46207
1.50236
1.48646
1.47487
1.43148
1.42595
1.44847
1.49529
1.44971
1.47795
1.4594
1.47702
1.47318
1.48098
1.45136
1.4892
1.49597
1.4793
1.44523
1.45028
1.44856
1.48404
1.48656
1.4541
1.45198
1.49394
1.48041
1.49073
1.45483
1.4638
1.47711
1.48403
1.48466
1.48414
1.48091
1.46894
1.45858
1.47579
1.47572
1.4821
1.47362
1.48222
1.49276
1.50875
1.48401
1.48412
1.46309
1.4892
1.5034
1.48559
1.48828
1.47343
1.48449
1.52292
1.49752
1.49185
1.47497
1.48317
1.45821
1.49619
1.49084
1.48859
1.51094
1.44728
1.47117
1.48564
1.48315
1.52197
1.52118
1.45846
1.4972
1.44078
1.48364
1.45131
1.47794
1.43077
1.49782
1.47442
1.46749
1.49858
1.44701
1.49577
1.50309
1.49969
1.49355
1.45598
1.47403
1.49228
1.45799
1.45872
1.49204
1.47002
1.45918
1.50099
1.50702
1.47032
1.51524
1.49052
1.49971
1.48283
1.45969
1.49207
1.46949
1.50762
1.49649
1.43118
1.52292
1.45199
1.45616
1.46721
1.46916
1.443
1.48175
1.51609
1.45206
1.4893
1.45796
1.53254
1.5234
1.45243
1.48266
1.45494
1.48006
1.46793
1.45911
1.47214
1.48041
1.54465
1.46494
1.49403
1.468
1.45856
1.48945
1.51771
1.46495
1.47588
1.45666
1.47476
1.44023
1.4483
1.5762
1.4911
1.46971
1.5218
1.49333
1.49874
1.45831
1.47081
1.48486
1.46047
1.46984
1.493
1.51818
1.4668
1.51248
1.47069
1.44147
1.47642
1.4531
1.5529
1.48458
1.47141
1.51532
1.46948
1.50614
1.49964
1.53474
1.49201
1.4195
1.44744
1.48214
1.50661
1.50199
1.4831
1.44358
1.46999
1.50895
1.4369
1.51718
1.48303
1.46817
1.45172
1.52587
1.51371
1.54961
1.56192
1.46218
1.4745
1.48958
1.4703
1.50662
1.48177
1.49475
1.47499
1.47403
1.47251
1.52075
1.48627
1.44451
1.40564
1.46869
1.48215
1.47774
1.44239
1.45711
1.49802
1.51556
1.4774
1.47758
1.45543
1.45597
1.49494
1.47702
1.48739
1.47982
1.49198
1.42026
1.43437
1.44843
1.45746
1.44568
1.4935
1.50115
1.46725
1.47597
1.49846
1.50622
1.51566
1.49909
1.50299
1.48209
1.49056
1.47594
1.41791
1.48155
1.53367
1.44393
1.46265
1.45722
1.48051
1.48971
1.50612
1.4855
1.45351
1.49776
1.51901
1.5451
1.49114
1.50114
1.53274
1.44812
1.39708
1.4472
1.49432
1.49596
1.45974
1.49834
1.50869
1.48386
1.50927
1.45845
1.50644
1.49
1.46112
1.49645
1.39894
1.45057
1.48281
1.48851
1.4839
1.45264
1.45342
1.45994
1.48731
1.50013
1.47226
1.50355
1.47156
1.47166
1.49718
1.50003
1.49333
1.51287
1.48231
1.52849
0.969218
1.47622
1.50473
1.44303
1.4846
1.46963
1.50954
1.46033
1.50752
1.48018
1.47975
1.47854
1.50366
1.43088
1.52918
1.49806
1.46211
1.477
1.53492
1.51737
1.44986
1.47158
1.52374
1.47547
1.47045
1.51424
1.46177
1.49122
1.49145
1.43792
1.44894
1.5082
1.51507
1.46023
1.50582
1.47066
1.49688
1.49096
1.4501
1.47141
1.44758
1.48947
1.46968
1.4426
1.47689
1.44282
1.47572
1.48189
1.46464
1.4817
1.48553
1.46506
1.51732
1.50893
1.48563
1.49084
1.49631
1.48656
1.47269
1.53383
1.49693
1.48791
1.47059
1.46525
1.52689
1.46137
1.4579
1.49411
1.46001
1.46089
1.4798
1.49086
1.53208
1.46764
1.49382
1.48311
1.50829
1.50056
1.53111
1.48507
1.51118
1.47715
1.48038
1.50466
1.4415
1.46268
1.50579
1.49145
1.55399
1.48504
1.505
1.47409
1.4549
1.49175
1.46703
1.46273
1.50698
1.54571
1.47433
1.47651
1.5034
1.44189
1.4833
1.48801
1.51522
1.44546
1.46654
1.48273
1.45487
1.48706
1.48031
1.48455
1.50234
1.50254
1.47336
1.52658
1.51913
1.46713
1.49463
1.54155
1.50693
1.54166
1.47797
1.5235
1.45855
1.50149
1.58888
1.47357
1.54294
1.53622
1.48386
1.45116
1.46293
1.4968
1.50818
1.49399
1.48422
1.5541
1.50766
1.51131
1.54202
1.50941
1.52608
1.4636
1.49157
1.47798
1.52738
1.51839
1.44653
1.4979
1.4895
1.50543
1.51882
1.47019
1.48767
1.50606
1.48691
1.44315
1.50641
1.48187
1.47999
1.50193
1.51979
1.45448
1.45631
1.50359
1.49703
1.51156
1.46398
1.49689
1.50932
1.51309
1.44816
1.45013
1.48935
1.48797
1.48783
1.48543
1.47147
1.4771
1.47772
1.46947
1.50178
1.48882
1.46954
1.48373
1.50333
1.50868
1.48468
1.51458
1.48383
1.50503
1.51714
1.52626
1.51468
1.48414
1.51591
1.46812
1.49654
1.47835
1.50763
1.50347
1.52809
1.50045
1.49401
1.47824
1.47948
1.47806
1.49198
1.48139
1.43775
1.49286
1.46749
1.50285
1.51845
1.50212
1.49378
1.53625
1.50484
1.4593
1.44941
1.4896
1.45764
1.50096
1.4466
1.5206
1.49773
1.52854
1.47285
1.52496
1.49306
1.49507
1.46477
1.21665
1.5088
1.49591
1.1653
1.48693
1.49037
1.45466
1.5097
1.51654
1.46375
1.4942
1.47385
1.49551
1.48835
1.46511
1.50366
1.50505
1.48012
1.4326
1.52348
1.47808
1.47249
1.51074
1.49175
1.48806
1.55856
1.52265
1.49924
1.51096
1.4984
1.52793
1.47174
1.50365
1.53333
1.47253
1.47878
1.50879
1.51457
1.50533
1.50256
1.49714
1.49718
1.48653
1.45467
1.5035
1.46961
1.47578
1.53412
1.51041
1.48382
1.48952
1.45068
1.5037
1.51722
1.50266
1.43105
1.47967
1.47185
1.48916
1.52859
1.50735
1.49894
1.54521
1.48026
1.51496
1.53252
1.49057
1.53243
1.49508
1.51597
1.501
1.50569
1.48276
1.50841
1.48767
1.52641
1.52018
1.44659
1.50025
1.47947
1.47805
1.47378
1.51513
1.49943
1.48954
1.5099
1.50823
1.5196
1.49082
1.49132
1.46974
1.48771
1.54813
1.49165
1.43901
1.48076
1.44295
1.4906
1.50852
1.47979
1.50241
1.51375
1.5429
1.44763
1.52484
1.48042
1.49041
1.52685
1.52071
1.51102
1.47802
1.48223
1.46643
1.50693
1.50304
1.52594
1.48921
1.48311
1.50942
1.48051
1.44877
1.51094
1.50997
1.48758
1.4942
1.47033
1.4749
1.49745
1.46753
1.48913
1.52018
1.49988
1.48252
1.50083
1.50079
1.4723
1.54913
1.48864
1.49509
1.50258
1.50269
1.50388
1.52138
1.47651
1.48746
1.46609
1.52633
1.53792
1.56861
1.52477
1.51668
1.49022
1.47289
1.51096
1.50187
1.50298
1.53857
1.46276
1.52421
1.44424
1.46594
1.52192
1.51668
1.51316
1.48614
1.48411
1.50516
1.54393
1.52002
1.49174
1.50928
1.48914
1.51078
1.5211
1.51538
1.50064
1.51619
1.48545
1.50928
1.50808
1.53755
1.45362
1.50265
1.51136
1.49822
1.50023
1.52074
1.51828
1.5208
1.51097
1.48386
1.49848
1.49231
1.51512
1.48944
1.53487
1.5339
1.50322
1.47301
1.49903
1.51748
1.45512
1.50286
1.48375
1.47906
1.51611
1.50679
1.51541
1.51101
1.50141
1.54494
1.47242
1.52285
1.47814
1.50085
1.50879
1.52889
1.52057
1.50837
1.4939
1.50555
1.44498
1.44716
1.47299
1.49319
1.53584
1.48179
1.49368
1.45343
1.49989
1.50377
1.49813
1.51112
1.45729
1.48389
1.47251
1.45988
1.5164
1.49881
1.51639
1.48759
1.47763
1.51142
1.50778
1.50084
1.47305
1.47402
1.44909
1.45106
1.49142
1.43602
1.49435
1.46898
1.52326
1.51299
1.50858
1.50592
1.51532
1.5221
1.48799
1.4503
1.45687
1.4732
1.52016
1.5288
1.54287
1.52395
1.51818
1.48624
1.47994
1.52491
1.48862
1.5003
1.45004
1.46358
1.53836
1.49023
1.48959
1.48409
1.45126
1.50018
1.47577
1.4974
1.47397
1.51946
1.50351
1.52513
1.4937
1.48186
1.47891
1.54063
1.48721
1.53098
1.46852
1.50375
1.52839
1.50961
1.48125
1.47901
1.50577
1.53676
1.51022
1.48509
1.51917
1.4975
1.50222
1.5059
1.45537
1.47817
1.47381
1.51286
1.5422
1.53694
1.4928
1.48613
1.52577
1.51671
1.53575
1.52653
1.49794
1.49514
1.48093
1.45171
1.49138
1.48941
1.52992
1.48771
1.49904
1.49871
1.47408
1.5157
1.49494
1.48976
1.53048
1.50202
1.51118
1.52024
1.53851
1.48313
1.51747
1.47865
1.52511
1.45863
1.4838
1.52514
1.5033
1.49662
1.49482
1.5364
1.48144
1.51518
1.50524
1.49561
1.49927
1.50261
1.55122
1.50176
1.49834
1.536
1.42898
1.44403
1.5161
1.49869
1.47678
1.46827
1.49056
1.43412
1.55334
1.51389
1.48558
1.51091
1.49562
1.50729
1.48204
1.46944
1.49627
1.5602
1.52531
1.47271
1.46933
1.52794
1.53132
1.47002
1.50006
1.48762
1.44918
1.51469
1.47103
1.49253
1.4796
1.54574
1.52826
1.52333
1.50017
1.47703
1.54398
1.49144
1.52121
1.49391
1.47453
1.50331
1.53789
1.47234
1.46471
1.47878
1.49444
1.50114
1.53698
1.49247
1.49667
1.48872
1.55056
1.51888
1.49728
1.52357
1.44823
1.47822
1.53431
1.49179
1.51891
1.48465
1.49165
1.48558
1.52399
1.49173
1.46033
1.52366
1.4709
1.45993
1.5258
1.48639
1.46298
1.46039
1.56889
1.48691
1.52918
1.50591
1.49904
1.53329
1.47191
1.50543
1.49453
1.51952
1.51613
1.52514
1.50712
1.53317
1.52648
1.49775
1.49707
1.47927
1.50774
1.47598
1.49287
1.53421
1.46664
1.54495
1.53776
1.49989
1.53844
1.50487
1.52182
1.51595
1.49063
1.54184
1.48987
1.49016
1.54436
1.51012
1.53412
1.50932
1.50773
1.50162
1.50469
1.48119
1.47761
1.53903
1.51236
1.48163
1.49211
1.52924
1.49175
1.51594
1.52716
1.5199
1.52104
1.51809
1.52533
1.54407
1.52346
1.49957
1.52575
1.50671
1.48057
1.51275
1.47575
1.51948
1.54213
1.51626
1.54642
1.5416
1.52752
1.4929
1.49805
1.47307
1.4651
1.48004
1.5203
1.49991
1.46153
1.49867
1.49067
1.48282
1.49027
1.50284
1.51295
1.50127
1.54913
1.5276
1.47833
1.52627
1.49067
1.48815
1.50084
1.48133
1.58057
1.53644
1.46108
1.47701
1.4574
1.52023
1.54153
1.51532
1.4998
1.46639
1.58339
1.52008
1.50373
1.51585
1.51341
1.46545
1.54374
1.49804
1.51922
1.53075
1.55011
1.50993
1.53029
1.51978
1.53124
1.50095
1.55034
1.4887
1.53005
1.47798
1.50217
1.5388
1.53948
1.5055
1.52091
1.53772
1.51735
1.55706
1.48219
1.5272
1.55236
1.50123
1.50353
1.53302
1.52487
1.49078
1.50978
1.5405
1.5149
1.56085
1.49656
1.47301
1.49064
1.51195
1.53966
1.48001
1.54199
1.55737
1.49926
1.56318
1.51437
1.52166
1.49477
1.49935
1.50018
1.48507
1.56103
1.51598
1.49987
1.52039
1.5522
1.50408
1.51108
1.52811
1.5209
1.51268
1.53291
1.52737
1.49207
1.46118
1.52842
1.53411
1.46864
1.57249
1.50958
1.52628
1.55323
1.51007
1.50938
1.54948
1.52309
1.54107
1.47984
1.53587
1.53196
1.49984
1.53086
1.56807
1.49464
1.49316
1.49997
1.52993
1.50826
1.50272
1.53711
1.52222
1.52469
1.55267
1.47481
1.53462
1.50235
1.54936
1.54927
1.5062
1.49598
1.53567
1.502
1.53466
1.51875
1.55999
1.52948
1.5108
1.49613
1.49598
1.53227
1.50251
1.49448
1.52965
1.56383
1.52236
1.54785
1.52448
1.55348
1.49132
1.55113
1.53513
1.47201
1.51825
1.52851
1.52135
1.50664
1.51521
1.56042
1.52568
1.47061
1.48566
1.5379
1.5149
1.48083
1.46965
1.48085
1.5137
1.47131
1.54543
1.52459
1.5078
1.52775
1.50835
1.51597
1.56213
1.46819
1.53698
1.50814
1.53658
1.48942
1.51299
1.51776
1.50863
1.48084
1.54831
1.50954
1.53346
1.50918
1.48778
1.54432
1.53432
1.48642
1.49466
1.51944
1.50456
1.50363
1.5457
1.49931
1.5352
1.51603
1.50982
1.55284
1.4905
1.54646
1.54565
1.51975
1.50161
1.52412
1.49815
1.53014
1.49599
1.52885
1.51888
1.53772
1.48814
1.53915
1.50937
1.52111
1.53949
1.5305
1.52751
1.49216
1.52758
1.54073
1.51141
1.52122
1.52797
1.5112
1.51288
1.48932
1.52238
1.51467
1.55957
1.53995
1.52977
1.58202
1.53225
1.51398
1.52766
1.50246
1.52857
1.50264
1.53661
1.48974
1.5286
1.49742
1.55701
1.55263
1.53189
1.49481
1.53391
1.56933
1.46979
1.52636
1.524
1.55015
1.48146
1.53541
1.52264
1.51865
1.51347
1.50296
1.48768
1.54823
1.48027
1.55437
1.4915
1.54562
1.53762
1.51544
1.54948
1.51805
1.5173
1.52965
1.47555
1.52745
1.52478
1.51589
1.49703
1.53178
1.51556
1.52338
1.50734
1.57415
1.53099
1.53923
1.4982
1.49316
1.50588
1.48689
1.49125
1.53428
1.51902
1.48601
1.51817
1.50189
1.52565
1.59706
1.53626
1.47859
1.51927
1.50447
1.53502
1.5605
1.54332
1.53128
1.48424
1.50869
1.46623
1.5183
1.54393
1.53927
1.49401
1.50189
1.54331
1.51055
1.5175
1.48046
1.5293
1.50838
1.52688
1.477
1.53614
1.53583
1.50602
1.53502
1.51737
1.54044
1.53172
1.55799
1.53635
1.49486
1.4665
1.5414
1.51958
1.46596
1.49012
1.48166
1.49878
1.50996
1.50337
1.50359
1.56546
1.54638
1.51634
1.57291
1.52719
1.54611
1.5223
1.54117
1.47546
1.5492
1.50724
1.46966
1.50881
1.51976
1.50201
1.46748
1.54778
1.54006
1.55141
1.56276
1.47064
1.55318
1.51183
1.51387
1.51194
1.52822
1.49263
1.53408
1.50304
1.51111
1.5028
1.51845
1.54351
1.5254
1.53649
1.5045
1.52984
1.55325
1.54385
1.55822
1.51931
1.55331
1.52364
1.51837
1.54962
1.43427
1.55747
1.51336
1.54647
1.51622
1.54571
1.53362
1.55944
1.5263
1.54221
1.52022
1.5009
1.50948
1.54517
1.53201
1.50363
1.50918
1.5066
1.51024
1.51384
1.54857
1.52913
1.55734
1.53334
1.5175
1.49158
1.54651
1.50597
1.49606
1.5114
1.55723
1.44665
1.54182
1.52996
1.55619
1.50219
1.57259
1.52962
1.52572
1.52843
1.50728
1.4943
1.5052
1.49093
1.49346
1.5415
1.55708
1.51759
1.48769
1.50613
1.54502
1.55302
1.52241
1.51085
1.50811
1.473
1.53239
1.54854
1.51945
1.53973
1.49726
1.5984
1.54208
1.52344
1.5125
1.53733
1.55021
1.53164
1.51816
1.50543
1.56349
1.52537
1.54363
1.55853
1.52521
1.53365
1.53997
1.57305
1.48486
1.57422
1.5121
1.53601
1.5382
1.54115
1.48142
1.52651
1.52081
1.51234
1.51101
1.54191
1.52811
1.53612
1.56676
1.56127
1.5275
1.47747
1.54309
1.52977
1.45094
1.51329
1.52026
1.54371
1.51089
1.52396
1.52159
1.50462
1.53048
1.54181
1.5059
1.5111
1.53656
1.54219
1.49034
1.55153
1.5616
1.50562
1.52991
1.56662
1.52178
1.53938
1.49199
1.52298
1.54949
1.55634
1.54221
1.55447
1.54639
1.53059
1.54907
1.53954
1.5252
1.52325
1.51242
1.54243
1.47382
1.52307
1.49029
1.5306
1.49579
1.54679
1.56947
1.51462
1.50296
1.53654
1.5227
1.49784
1.53559
1.52542
1.52631
1.55621
1.49855
1.52048
1.50029
1.5146
1.53834
1.50876
1.51695
1.52838
1.54757
1.52152
1.56595
1.5094
1.55642
1.48676
1.52749
1.51287
1.47228
1.52252
1.59205
1.50239
1.54147
1.54108
1.54367
1.57784
1.53796
1.52304
1.54017
1.52176
1.58826
1.51156
1.50397
1.55641
1.49998
1.54735
1.52487
1.53884
1.47426
1.52392
1.47723
1.52302
1.49514
1.56917
1.48358
1.48668
1.52547
1.53961
1.54907
1.55105
1.5469
1.50355
1.52078
1.54291
1.50801
1.4963
1.49068
1.54701
1.55338
1.53051
1.53381
1.50646
1.51043
1.49385
1.57786
1.5403
1.51144
1.55649
1.55127
1.33514
1.51615
1.52875
1.52964
1.54069
1.54049
1.54109
1.51362
1.54212
1.52681
1.48964
1.56959
1.55564
1.54733
1.55091
1.5155
1.53334
1.51968
1.48513
1.50915
1.54395
1.52382
1.48682
1.51016
1.56981
1.52623
1.55013
1.56189
1.49567
1.54298
1.50886
1.49701
1.52574
1.50422
1.52133
1.53906
1.53116
1.53642
1.50138
1.54767
1.54514
1.51625
1.51271
1.51589
1.58405
1.53612
1.52489
1.507
1.58229
1.51471
1.46978
1.52624
1.51638
1.56862
1.58222
1.54357
1.54889
1.54924
1.50303
1.56734
1.505
1.54843
1.54588
1.55243
1.56081
1.5409
1.54473
1.57912
1.55134
1.51697
1.55383
1.54374
1.53169
1.55554
1.51989
1.55427
1.52839
1.55949
1.53687
1.55384
1.52735
1.52868
1.52359
1.53903
1.54378
1.52085
1.50987
1.53179
1.54848
1.58486
1.50202
1.54384
1.54042
1.52862
1.51071
1.53851
1.52272
1.49983
1.52961
1.52649
1.55747
1.54026
1.51136
1.57033
1.49212
1.56094
1.5145
1.57323
1.50153
1.56868
1.50091
1.55224
1.55557
1.51941
1.53287
1.58064
1.57867
1.50331
1.54577
1.51617
1.50605
1.53389
1.54448
1.50364
1.56024
1.50824
1.54762
1.50009
1.56144
1.52093
1.48429
1.50794
1.56521
1.52382
1.53242
1.51941
1.5325
1.54203
1.51082
1.50443
1.5435
1.53066
1.58154
1.54175
1.56261
1.54134
1.55204
1.5566
1.58162
1.52576
1.5647
1.58901
1.55251
1.53811
1.50168
1.52671
1.51866
1.51965
1.52169
1.51032
1.51887
1.50407
1.55883
1.54335
1.54166
1.5444
1.58031
1.5816
1.52084
1.51775
1.53214
1.50994
1.50208
1.55836
1.53386
1.53539
1.49333
1.60856
1.54421
1.51642
1.50806
1.50847
1.50823
1.52972
1.5115
1.55052
1.48025
1.55362
1.55937
1.5386
1.57189
1.54578
1.53446
1.53415
1.50899
1.53091
1.51097
1.52595
1.54968
1.54256
1.53518
1.53076
1.56624
1.52119
1.52799
1.52766
1.51779
1.52873
1.58491
1.52035
1.56298
1.48436
1.55382
1.51558
1.52666
1.48041
1.53183
1.51063
1.52677
1.53332
1.50903
1.59823
1.50304
1.58104
1.52373
1.53276
1.46623
1.55191
1.50962
1.52856
1.56649
1.53704
1.53104
1.53875
1.57644
1.5459
1.55452
1.54234
1.55391
1.5709
1.53813
1.53401
1.51497
1.59689
1.524
1.53128
1.5638
1.58369
1.50931
1.54185
1.55785
1.49527
1.53709
1.55072
1.54425
1.54576
1.51285
1.51572
1.53604
1.54101
1.48991
1.4877
1.55329
1.53214
1.51826
1.5426
1.51953
1.53462
1.54046
1.50705
1.54965
1.58107
1.52655
1.53877
1.52939
1.49907
1.57001
1.54588
1.56812
1.54508
1.49526
1.4861
1.54432
1.55057
1.57846
1.56096
1.50349
1.50992
1.55149
1.55893
1.58603
1.55632
1.58952
1.5361
1.52572
1.53083
1.54917
1.53069
1.52007
1.51109
1.46174
1.5635
1.55089
1.5394
1.50099
1.60067
1.5174
1.58437
1.5246
1.51506
1.5181
1.53935
1.53906
1.56497
1.54306
1.51486
1.52557
1.58672
1.54497
1.54904
1.48547
1.5512
1.54518
1.54795
1.5568
1.52446
1.51567
1.51029
1.52358
1.50295
1.5249
1.5287
1.53042
1.54921
1.53186
1.51836
1.54808
1.5352
1.57658
1.56076
1.5501
1.51594
1.51764
1.51197
1.52185
1.5534
1.59849
1.488
1.51935
1.525
1.52927
1.53194
1.55606
1.50077
1.53884
1.58592
1.55088
1.47039
1.53585
1.55729
1.55278
1.56793
1.51591
1.54085
1.54627
1.5358
1.55787
1.55054
1.54319
1.51504
1.54851
1.50881
1.58979
1.53706
1.54004
1.52772
1.52998
1.54356
1.55406
1.53318
1.50811
1.54749
1.56201
1.53799
1.56552
1.566
1.52059
1.52393
1.55417
1.52722
1.58552
1.53976
1.53913
1.5423
1.53603
1.56055
1.54369
1.56948
1.48431
1.57167
1.54274
1.55773
1.54705
1.51805
1.51427
1.52714
1.53347
1.54924
1.58916
1.54423
1.54277
1.55275
1.53131
1.53357
1.55329
1.53004
1.52856
1.53117
1.51386
1.5779
1.5636
1.51937
1.49609
1.53562
1.56714
1.52798
1.58805
1.55839
1.5386
1.54341
1.51541
1.56267
1.54069
1.55423
1.54796
1.5093
1.51394
1.54418
1.53781
1.58759
1.57436
1.5585
1.5164
1.56634
1.52957
1.53466
1.56386
1.54565
1.55635
1.54033
1.48375
1.53576
1.57306
1.50303
1.53221
1.5286
1.52604
1.59426
1.543
1.51675
1.57152
1.57696
1.54868
1.54509
1.52965
1.54401
1.54421
1.47461
1.54382
1.56833
1.55791
1.56493
1.56339
1.57306
1.54537
1.52719
1.54202
1.55854
1.5599
1.51146
1.56069
1.54029
1.5528
1.54026
1.50514
1.59005
1.54952
1.58942
1.5664
1.53726
1.56463
1.51103
1.57618
1.56862
1.51952
1.53187
1.58999
1.56918
1.48123
1.52274
1.54545
1.5575
1.57543
1.5438
1.55388
1.55957
1.55256
1.63199
1.56081
1.48416
1.56336
1.60646
1.57624
1.54929
1.53679
1.56441
1.56501
1.53579
1.51034
1.55147
1.57368
1.5547
1.58664
1.50592
1.56255
1.55541
1.54374
1.55206
1.52762
1.60635
1.54078
1.53557
1.51556
1.51531
1.53391
1.52169
1.56612
1.5507
1.54435
1.55572
1.54028
1.56704
1.49932
1.54987
1.56568
1.57309
1.45959
1.56541
1.5493
1.54092
1.54391
1.5836
1.52638
1.52561
1.57154
1.56966
1.55736
1.57203
1.60748
1.58531
1.53984
1.60567
1.54629
1.56172
1.58982
1.53969
1.53791
1.54489
1.5063
1.50611
1.49466
1.55644
1.57696
1.56665
1.5641
1.55136
1.55852
1.56277
1.54942
1.57202
1.55739
1.55076
1.53568
1.56905
1.58033
1.58229
1.56009
1.6067
1.55201
1.57899
1.56141
1.57378
1.58536
1.54667
1.58181
1.58903
1.53868
1.52856
1.51426
1.58963
1.52764
1.56655
1.56953
1.56029
1.55218
1.56937
1.57317
1.55182
1.54165
1.55529
1.56424
1.62978
1.56119
1.55343
1.59352
1.55559
1.60023
1.54611
1.53917
1.57694
1.59683
1.53837
1.49138
1.54741
1.54962
1.58152
1.57117
1.59105
1.63295
1.54613
1.57207
1.60191
1.48886
1.56725
1.53355
1.56843
1.58847
1.56213
1.51293
1.57252
1.58209
1.5236
1.57864
1.51531
1.54872
1.58765
1.54973
1.56607
1.60371
1.52542
1.55557
1.56769
1.55365
1.52497
1.59045
1.56117
1.5373
1.5919
1.5735
1.60388
1.52644
1.54128
1.59725
1.52703
1.59181
1.58874
1.55922
1.54164
1.55401
1.51949
1.55469
1.56387
1.56712
1.51318
1.52595
1.51965
1.57255
1.57985
1.55313
1.54994
1.56954
1.55374
1.55677
1.54003
1.53843
1.55891
1.61745
1.55107
1.56991
1.51879
1.56121
1.54353
1.58613
1.57336
1.54582
1.59516
1.56704
1.57617
1.53161
1.5794
1.53575
1.56742
1.5762
1.60683
1.52605
1.51372
1.61884
1.56308
1.55601
1.5621
1.52795
1.55556
1.5598
1.57825
1.60422
1.55799
1.57996
1.57585
1.58117
1.55181
1.57843
1.54955
1.55813
1.51925
1.57864
1.51734
1.57797
1.56628
1.51989
1.54113
1.54553
1.60115
1.59464
1.60106
1.53678
1.58656
1.56818
1.54505
1.55504
1.60489
1.55122
1.60873
1.58058
1.54813
1.58899
1.56579
1.56505
1.50671
1.55823
1.55461
1.58359
1.55094
1.55549
1.60094
1.55621
1.53422
1.60915
1.54349
1.55509
1.58058
1.53325
1.59374
1.51965
1.56954
1.55971
1.54634
1.61316
1.56531
1.58841
1.5597
1.60928
1.55256
1.56884
1.56937
1.58591
1.59568
1.59402
1.51739
1.52744
1.57753
1.61019
1.53882
1.47868
1.52354
1.58499
1.59038
1.51997
1.59269
1.60317
1.57904
1.53326
1.5573
1.57352
1.55141
1.63318
1.55039
1.60006
1.58449
1.56349
1.54728
1.55907
1.5501
1.56699
1.56432
1.58764
1.58115
1.55939
1.57472
1.60144
1.56297
1.56809
1.53591
1.61378
1.56757
1.58022
1.61027
1.5697
1.61424
1.5561
1.54095
1.57649
1.56685
1.57565
1.54558
1.53734
1.57839
1.54961
1.55604
1.55436
1.6267
1.57624
1.57713
1.57929
1.56955
1.61052
1.5672
1.56073
1.61604
1.64756
1.59487
1.587
1.58085
1.50535
1.56579
1.54423
1.55948
1.53004
1.6191
1.54492
1.55055
1.56861
1.57462
1.54656
1.57754
1.58089
1.53178
1.54779
1.57137
1.52515
1.58644
1.56431
1.61531
1.54088
1.49752
1.56562
1.58838
1.54408
1.58033
1.5617
1.60078
1.61056
1.5772
1.56623
1.56327
1.56463
1.59408
1.56369
1.60135
1.60713
1.49391
1.52704
1.57174
1.60516
1.61715
1.58612
1.57047
1.54087
1.58526
1.56
1.58265
1.54968
1.58027
1.5731
1.59831
1.59939
1.59005
1.58746
1.54018
1.57335
1.57224
1.6137
1.58219
1.55376
1.51208
1.58809
1.56369
1.57423
1.554
1.57624
1.54965
1.63452
1.54612
1.57463
1.61845
1.56798
1.60509
1.55319
1.55508
1.54618
1.60084
1.57822
1.64039
1.58781
1.61041
1.58731
1.59027
1.54279
1.5822
1.62774
1.57378
1.5306
1.57581
1.57609
1.54273
1.65474
1.59647
1.58861
1.58804
1.58006
1.53927
1.55309
1.60182
1.58195
1.53115
1.57084
1.62869
1.59342
1.56731
1.60012
1.62196
1.59272
1.60553
1.57034
1.57422
1.58552
1.58799
1.56866
1.54943
1.55063
1.5745
1.56138
1.5873
1.62615
1.59919
1.60678
1.61925
1.63846
1.51728
1.54645
1.55998
1.55955
1.59585
1.56876
1.6193
1.55764
1.60273
1.53353
1.5524
1.56412
1.58148
1.56391
1.59209
1.58119
1.57339
1.59549
1.54992
1.4791
1.58842
1.58203
1.60964
1.55729
1.6044
1.59255
1.5335
1.59039
1.55418
1.5953
1.60027
1.58138
1.61275
1.5877
1.54569
1.57116
1.62955
1.59203
1.61326
1.57215
1.60848
1.57836
1.56965
1.60111
1.55638
1.58852
1.57128
1.60947
1.61855
1.57838
1.55321
1.53052
1.58342
1.62368
1.57468
1.60853
1.54047
1.58621
1.56778
1.61996
1.58849
1.57851
1.64148
1.54993
1.53924
1.57897
1.55886
1.55368
1.5838
1.59417
1.60786
1.60502
1.56852
1.54438
1.58187
1.59902
1.57268
1.5339
1.57593
1.57967
1.59394
1.59095
1.58855
1.61874
1.56125
1.54968
1.59815
1.57089
1.60497
1.62803
1.58294
1.55523
1.57482
1.56398
1.58372
1.58878
1.55705
1.64348
1.53737
1.58093
1.59197
1.55599
1.59416
1.58787
1.54867
1.50902
1.58278
1.60923
1.55567
1.61966
1.56692
1.6257
1.55462
1.57125
1.59552
1.58138
1.59114
1.60249
1.58908
1.59778
1.56485
1.59205
1.59219
1.55379
1.6028
1.57994
1.55794
1.58326
1.59501
1.59084
1.61551
1.59492
1.58936
1.62272
1.53794
1.53498
1.5458
1.5907
1.58876
1.53825
1.57357
1.5878
1.5864
1.56338
1.58246
1.60692
1.64113
1.53488
1.53757
1.5526
1.58293
1.58106
1.5272
1.55348
1.58849
1.56559
1.58388
1.569
1.5723
1.58802
1.58549
1.64426
1.57902
1.57691
1.57717
1.60016
1.60235
1.5612
1.61591
1.53997
1.57044
1.57017
1.55305
1.55049
1.53544
1.57123
1.55041
1.58156
1.546
1.56224
1.61316
1.55734
1.59212
1.56721
1.6033
1.596
1.6024
1.58756
1.61869
1.52061
1.56544
1.59882
1.5461
1.59985
1.59147
1.61551
1.58018
1.61857
1.60364
1.61657
1.58701
1.5828
1.60229
1.57982
1.6322
1.57817
1.61053
1.59517
1.5849
1.60058
1.6076
1.61002
1.61527
1.58016
1.55175
1.57107
1.6042
1.5693
1.54342
1.56462
1.57711
1.54982
1.59413
1.60977
1.58309
1.55798
1.57737
1.55481
1.55718
1.5806
1.61992
1.60876
1.54059
1.61054
1.59844
1.58662
1.59653
1.61126
1.59846
1.55576
1.55559
1.56978
1.5625
1.59599
1.56872
1.5353
1.56084
1.61408
1.60556
1.35653
1.62282
1.60363
1.59481
1.60134
1.58126
1.608
1.57558
1.53334
1.53601
1.57164
1.5841
1.60326
1.5766
1.61803
1.54725
1.60714
1.56595
1.59774
1.54073
1.56517
1.56069
1.61334
1.63405
1.58381
1.60568
1.56447
1.59948
1.53428
1.58136
1.57334
1.58614
1.59246
1.54346
1.59389
1.60268
1.61514
1.58924
1.60969
1.59997
1.60634
1.60011
1.55594
1.57984
1.58278
1.5515
1.58756
1.42508
1.5748
1.57841
1.60764
1.60768
1.61577
1.69175
1.59397
1.61788
1.55555
1.57396
1.63353
1.58643
1.60117
1.57115
1.60066
1.60789
1.54483
1.62148
1.59285
1.59791
1.56974
1.64638
1.60338
1.56732
1.59321
1.60399
1.61526
1.59248
1.54479
1.59395
1.57704
1.6289
1.58048
1.57151
1.58124
1.57671
1.60975
1.60327
1.59193
1.62504
1.61024
1.62372
1.57949
1.58418
1.55117
1.59823
1.60961
1.56192
1.57556
1.60125
1.62444
1.61791
1.58586
1.62078
1.58895
1.56298
1.63592
1.58839
1.64405
1.60697
1.58035
1.59608
1.57888
1.60616
1.582
1.57276
1.62604
1.60048
1.58884
1.60885
1.60422
1.59737
1.59712
1.6051
1.54396
1.57535
1.63033
1.60629
1.58878
1.57905
1.60981
1.59949
1.63739
1.57233
1.60063
1.57848
1.59256
1.61901
1.56472
1.58915
1.62462
1.62298
1.55236
1.58277
1.61884
1.56591
1.64747
1.55318
1.6212
1.58058
1.57627
1.61109
1.56458
1.58515
1.58609
1.60145
1.60791
1.63133
1.59705
1.60953
1.63042
1.59935
1.59502
1.57199
1.60321
1.60609
1.57229
1.5402
1.6054
1.59824
1.6169
1.59666
1.58048
1.62128
1.58509
1.5891
1.56896
1.58692
1.61934
1.60235
1.6505
1.57597
1.61923
1.62174
1.59263
1.59905
1.60267
1.60235
1.60631
1.60079
1.67233
1.57532
1.57972
1.63404
1.56379
1.61216
1.55614
1.59535
1.58423
1.60008
1.59196
1.66372
1.57254
1.59696
1.5563
1.61246
1.56597
1.57229
1.58975
1.55777
1.60562
1.5864
1.56319
1.60917
1.58553
1.61204
1.57869
1.58283
1.59789
1.60036
1.57875
1.59215
1.61638
1.58632
1.61597
1.58853
1.54568
1.60353
1.59098
1.5545
1.60905
1.59311
1.55925
1.5823
1.57022
1.55777
1.59515
1.6069
1.57091
1.60553
1.5669
1.59627
1.6321
1.56985
1.59192
1.55942
1.60248
1.59836
1.62141
1.58259
1.60587
1.59673
1.56897
1.55449
1.59487
1.6127
1.60548
1.61233
1.5936
1.61444
1.57906
1.64319
1.58689
1.57753
1.56443
1.5944
1.56742
1.58932
1.57521
1.64848
1.58422
1.58725
1.62777
1.61702
1.59517
1.58487
1.59179
1.65343
1.58652
1.57867
1.58577
1.57269
1.59401
1.61252
1.6173
1.55405
1.58468
1.59589
1.57468
1.60935
1.65746
1.56903
1.61918
1.53459
1.57335
1.60106
1.64083
1.61815
1.60557
1.59814
1.60963
1.60176
1.60569
1.55485
1.61121
1.60905
1.57399
1.58632
1.58241
1.60213
1.63583
1.60918
1.58772
1.61577
1.59687
1.60001
1.63615
1.5941
1.62646
1.58346
1.5839
1.59033
1.58813
1.60228
1.56745
1.59667
1.64092
1.60122
1.59687
1.58575
1.60507
1.58827
1.61606
1.60769
1.61616
1.5722
1.60028
1.60497
1.58763
1.59318
1.57203
1.61433
1.57162
1.60447
1.5992
1.59907
1.60012
1.62682
1.60807
1.6057
1.61569
1.62438
1.61539
1.58517
1.62253
1.61709
1.60348
1.58348
1.57454
1.51553
1.59669
1.61788
1.60992
1.58942
1.61906
1.56649
1.58825
1.60905
1.6091
1.57795
1.58066
1.58258
1.605
1.55516
1.58932
1.62557
1.59434
1.58763
1.64822
1.59686
1.63433
1.59729
1.61275
1.59076
1.57279
1.59683
1.58238
1.63056
1.58808
1.58933
1.65419
1.62007
1.59616
1.57427
1.54202
1.60159
1.62102
1.62324
1.57224
1.62719
1.60392
1.57591
1.61819
1.65161
1.61906
1.60037
1.60548
1.62411
1.59483
1.61093
1.60667
1.61878
1.65004
1.60584
1.60703
1.62414
1.64627
1.55478
1.59188
1.5549
1.59872
1.59802
1.5665
1.598
1.59086
1.61079
1.59404
1.62936
1.60319
1.56678
1.60036
1.66381
1.61158
1.62062
1.63621
1.63563
1.60355
1.61557
1.60798
1.58777
1.59331
1.60131
1.60808
1.6047
1.5974
1.62542
1.6574
1.61175
1.63969
1.58372
1.60159
1.59822
1.61443
1.61259
1.60814
1.60453
1.56415
1.59388
1.56105
1.53637
1.61305
1.66549
1.68077
1.67536
1.62117
1.60835
1.61331
1.60394
1.62639
1.64086
1.63912
1.61406
1.6022
1.59964
1.56384
1.61131
1.63157
1.59043
1.59098
1.588
1.61453
1.63068
1.65382
1.61458
1.6344
1.62121
1.63605
1.62347
1.63532
1.57095
1.65731
1.66613
1.60241
1.60065
1.58951
1.58417
1.5806
1.61383
1.6088
1.61065
1.58231
1.62373
1.62748
1.59951
1.61807
1.63175
1.61378
1.6582
1.5837
1.62069
1.59888
1.58366
1.63517
1.60799
1.60236
1.63631
1.62399
1.65572
1.60497
1.59769
1.57861
1.6102
1.66698
1.61093
1.62544
1.64538
1.64837
1.60638
1.56703
1.59248
1.60054
1.61049
1.6222
1.63964
1.60517
1.60433
1.60845
1.63237
1.57939
1.57623
1.57993
1.64448
1.64539
1.58465
1.59425
1.57425
1.64294
1.58257
1.62216
1.64615
1.60489
1.59871
1.57953
1.59011
1.6026
1.60506
1.62036
1.62939
1.62177
1.61647
1.60915
1.60146
1.6215
1.66185
1.65498
1.58586
1.57843
1.5592
1.60338
1.62757
1.63438
1.58826
1.62063
1.54644
1.58735
1.6182
1.61811
1.59956
1.65814
1.63485
1.61431
1.64893
1.60354
1.58541
1.6132
1.61257
1.61251
1.58112
1.61154
1.62945
1.60604
1.62251
1.6253
1.58401
1.59108
1.58635
1.61088
1.57816
1.62098
1.55004
1.60799
1.55633
1.62721
1.59721
1.60717
1.61525
1.62298
1.64814
1.57453
1.65898
1.60269
1.59513
1.59279
1.60165
1.65064
1.61587
1.64227
1.59504
1.64127
1.59089
1.63092
1.62936
1.57026
1.58567
1.59685
1.63795
1.58988
1.63674
1.60813
1.65783
1.62836
1.59377
1.60766
1.60675
1.57747
1.6311
1.59523
1.61125
1.60891
1.59351
1.60637
1.6408
1.62803
1.59008
1.61183
1.57728
1.59344
1.57843
1.62684
1.60123
1.62644
1.59813
1.62188
1.61231
1.57837
1.61602
1.62108
1.60643
1.58513
1.64664
1.60964
1.62359
1.61851
1.61219
1.64367
1.62068
1.65001
1.59554
1.63896
1.63618
1.62924
1.62094
1.63282
1.59531
1.60919
1.57269
1.60698
1.6265
1.58117
1.65297
1.62062
1.59269
1.57426
1.56643
1.61529
1.6298
1.57843
1.57135
1.5972
1.63954
1.60577
1.60794
1.62944
1.59585
1.63281
1.60724
1.60109
1.56016
1.60408
1.61936
1.5871
1.60371
1.6273
1.62424
1.60365
1.62441
1.59586
1.57014
1.65753
1.60839
1.60885
1.62567
1.62479
1.60552
1.62513
1.6183
1.63321
1.5481
1.54274
1.5915
1.62998
1.57677
1.59638
1.61463
1.58097
1.58167
1.63786
1.58331
1.6405
1.60026
1.59077
1.57898
1.64186
1.58749
1.57725
1.62203
1.61725
1.61721
1.60816
1.68482
1.57319
1.57993
1.56894
1.63958
1.60816
1.57827
1.61685
1.63509
1.64585
1.64677
1.63515
1.62695
1.59858
1.62299
1.60843
1.61395
1.53407
1.61415
1.58113
1.56988
1.60199
1.64495
1.60056
1.60857
1.62477
1.60871
1.62905
1.62663
1.5961
1.64304
1.58568
1.57347
1.5385
1.58203
1.58947
1.6553
1.62367
1.5526
1.63553
1.63023
1.60097
1.6445
1.61689
1.61123
1.61615
1.62334
1.62371
1.60713
1.62588
1.57215
1.65768
1.64077
1.62934
1.61101
1.59149
1.6094
1.64564
1.6265
1.63098
1.62124
1.58963
1.63202
1.62451
1.65137
1.59677
1.61473
1.57634
1.63469
1.65629
1.57479
1.63244
1.64136
1.56541
1.62679
1.53623
1.6515
1.52466
1.63769
1.59969
1.62436
1.59109
1.58573
1.62734
1.62845
1.60788
1.63009
1.62071
1.63374
1.59165
1.61166
1.60761
1.63522
1.64286
1.58814
1.63882
1.58069
1.65499
1.60413
1.57787
1.59721
1.56631
1.6309
1.5954
1.6092
1.62596
1.59746
1.63547
1.64946
1.5614
1.62874
1.61116
1.60265
1.59968
1.60273
1.61225
1.6118
1.62374
1.6632
1.63668
1.60517
1.61957
1.63655
1.61817
1.59878
1.61494
1.62588
1.57887
1.62817
1.58525
1.61316
1.66023
1.60095
1.60243
1.58492
1.60498
1.62547
1.61422
1.58774
1.61643
1.65751
1.5941
1.57476
1.60445
1.62779
1.6201
1.64184
1.61264
1.58596
1.56056
1.64669
1.60661
1.59688
1.62011
1.60567
1.57631
1.63808
1.62717
1.57786
1.63619
1.62081
1.60399
1.64267
1.58318
1.60723
1.67611
1.61289
1.64372
1.58443
1.608
1.6464
1.6304
1.63328
1.626
1.55903
1.61901
1.6157
1.59803
1.60389
1.57603
1.61252
1.58985
1.66488
1.59559
1.61501
1.60417
1.61884
1.61837
1.58216
1.60938
1.59619
1.64685
1.62872
1.61822
1.64131
1.60387
1.58609
1.65129
1.6396
1.64922
1.61967
1.63373
1.58377
1.62094
1.65088
1.67477
1.57377
1.62326
1.55947
1.63217
1.64996
1.57788
1.6642
1.65834
1.58484
1.61048
1.59518
1.6485
1.61436
1.62774
1.6202
1.65054
1.61636
1.59205
1.60188
1.62038
1.6234
1.58278
1.69111
1.60695
1.62588
1.70312
1.62116
1.60144
1.65288
1.61487
1.58848
1.6184
1.64372
1.63207
1.57604
1.64706
1.59024
1.59221
1.62552
1.62471
1.6202
1.63551
1.59165
1.61304
1.62806
1.61362
1.54601
1.66528
1.59646
1.60874
1.58694
1.61007
1.66196
1.64915
1.60986
1.60171
1.64136
1.58564
1.65113
1.6111
1.60438
1.61339
1.61986
1.61151
1.63324
1.6305
1.6066
1.60601
1.62147
1.63315
1.60945
1.61313
1.61809
1.62879
1.59309
1.61022
1.64569
1.67075
1.60456
1.62449
1.59242
1.61499
1.65413
1.65242
1.6324
1.59047
1.58806
1.61354
1.63059
1.66627
1.61465
1.63824
1.61856
1.61969
1.62208
1.61121
1.64296
1.64452
1.64283
1.65758
1.60447
1.62549
1.634
1.64042
1.63545
1.61422
1.57302
1.59124
1.6377
1.58349
1.61082
1.65333
1.60955
1.63534
1.60583
1.62466
1.58227
1.6755
1.59083
1.6325
1.62614
1.60358
1.58746
1.59974
1.64214
1.59472
1.60368
1.59736
1.66183
1.63401
1.63745
1.65586
1.5939
1.60911
1.63554
1.61282
1.63358
1.67371
1.61846
1.64694
1.63279
1.56698
1.58468
1.61335
1.62769
1.59575
1.609
1.6411
1.66276
1.62304
1.63389
1.61828
1.61942
1.60889
1.64125
1.66951
1.61989
1.62228
1.61687
1.6256
1.6207
1.58725
1.62509
1.66556
1.6553
1.61539
1.60739
1.63578
1.56757
1.67492
1.61055
1.65525
1.63134
1.66112
1.62292
1.61423
1.62262
1.624
1.66834
1.61128
1.57183
1.62603
1.65589
1.6284
1.61298
1.60116
1.62498
1.60345
1.61172
1.64704
1.61598
1.58388
1.62799
1.61704
1.61186
1.59151
1.57746
1.58691
1.64191
1.61352
1.6393
1.62948
1.60368
1.64197
1.59405
1.57193
1.67722
1.61178
1.58488
1.62012
1.60994
1.6442
1.67534
1.62312
1.59887
1.62274
1.61334
1.5774
1.63488
1.63067
1.67361
1.67651
1.61698
1.67006
1.64239
1.58379
1.61531
1.63829
1.65327
1.62161
1.62302
1.60321
1.63971
1.61201
1.64716
1.61882
1.58335
1.62593
1.63452
1.61862
1.66109
1.63731
1.6226
1.61151
1.64069
1.63008
1.61765
1.60838
1.63321
1.57399
1.63334
1.63317
1.61579
1.59415
1.63489
1.64421
1.5856
1.68935
1.64035
1.65052
1.66833
1.60298
1.57314
1.59127
1.62216
1.57556
1.62213
1.59518
1.63508
1.6592
1.55978
1.65557
1.62102
1.63716
1.61312
1.62324
1.6921
1.61627
1.59403
1.64935
1.6381
1.61968
1.62178
1.59705
1.60697
1.6259
1.58097
1.63605
1.60047
1.63974
1.58805
1.67543
1.61456
1.63291
1.62836
1.6475
1.64392
1.62116
1.61222
1.6147
1.62913
1.60361
1.61123
1.62697
1.63299
1.63198
1.60969
1.606
1.64105
1.63232
1.65383
1.61601
1.64764
1.58249
1.61193
1.618
1.60131
1.63517
1.65647
1.61687
1.5889
1.63157
1.62009
1.62728
1.63762
1.6035
1.56955
1.64351
1.60585
1.62236
1.62559
1.60749
1.6437
1.62706
1.63492
1.63408
1.66647
1.6021
1.61534
1.64263
1.64526
1.6675
1.63577
1.61063
1.61971
1.64686
1.5987
1.61783
1.65142
1.62081
1.63101
1.62015
1.62988
1.63075
1.59585
1.65129
1.61934
1.61526
1.63209
1.6365
1.62215
1.53744
1.59867
1.60445
1.61758
1.64812
1.60101
1.64145
1.58257
1.64328
1.61069
1.63198
1.63394
1.61751
1.60838
1.56475
1.6371
1.60916
1.65794
1.59193
1.62091
1.60618
1.62344
1.62898
1.59812
1.61674
1.60788
1.61835
1.60762
1.6643
1.62196
1.63279
1.64508
1.62406
1.66719
1.61485
1.60498
1.62542
1.64682
1.67054
1.61767
1.64322
1.60128
1.62536
1.63532
1.6421
1.59323
1.63199
1.5869
1.67416
1.64102
1.67212
1.60329
1.67322
1.57716
1.60758
1.61697
1.63708
1.64558
1.65704
1.57439
1.62094
1.57107
1.62014
1.63375
1.6404
1.65684
1.64748
1.5935
1.61091
1.6169
1.63409
1.6348
1.62141
1.6054
1.63493
1.64881
1.59077
1.6111
1.59341
1.63037
1.62407
1.59867
1.63283
1.6636
1.61819
1.64858
1.6128
1.61262
1.57811
1.60142
1.64745
1.64335
1.62627
1.61645
1.60415
1.67031
1.64632
1.63633
1.64136
1.63779
1.61981
1.58276
1.59526
1.64094
1.63611
1.63224
1.6382
1.65447
1.62995
1.61831
1.59267
1.58372
1.62181
1.62084
1.60692
1.62618
1.64674
1.7361
1.60116
1.60751
1.60419
1.67122
1.62662
1.64512
1.61953
1.64598
1.61958
1.64291
1.62692
1.59804
1.62465
1.65383
1.58508
1.66743
1.6233
1.63224
1.6437
1.59872
1.65618
1.62515
1.59539
1.59976
1.62308
1.64934
1.63613
1.62733
1.61474
1.68448
1.61048
1.63574
1.64386
1.61783
1.61829
1.62943
1.624
1.66914
1.56868
1.63335
1.63558
1.64671
1.60115
1.64655
1.66016
1.62725
1.57156
1.60943
1.6083
1.59111
1.62913
1.61621
1.60383
1.6236
1.60278
1.62149
1.61166
1.59622
1.6362
1.63204
1.61963
1.66303
1.64152
1.62287
1.6409
1.65897
1.62162
1.60055
1.59947
1.62817
1.67596
1.61213
1.59909
1.60712
1.63021
1.65183
1.63184
1.60641
1.66187
1.64071
1.62323
1.62384
1.65979
1.67505
1.59236
1.62287
1.63323
1.61533
1.64533
1.58658
1.62352
1.66372
1.65199
1.64009
1.66659
1.57659
1.55268
1.60786
1.66639
1.64676
1.60907
1.61568
1.64825
1.63402
1.5942
1.66887
1.67719
1.47386
1.62807
1.66355
1.59481
1.67327
1.61012
1.62211
1.61627
1.61621
1.673
1.65139
1.67302
1.63285
1.59746
1.58805
1.58651
1.66174
1.61671
1.6155
1.62768
1.64499
1.61717
0.611245
1.599
1.61308
1.65873
1.61377
1.59448
1.61653
1.62362
1.61066
1.68906
1.60589
1.65646
1.60039
1.60038
1.64673
1.65224
1.61694
1.63402
1.64096
1.60776
1.65553
1.60791
1.60417
1.62615
1.60673
1.65482
1.62594
1.67455
1.62898
1.6506
1.58814
1.62696
1.65466
1.6376
1.63342
1.60971
1.64304
1.64129
1.65867
1.63142
1.64504
1.62032
1.61122
1.61825
1.66341
1.65
1.61849
1.6168
1.63496
1.65287
1.64491
1.61534
1.59814
1.5778
1.64867
1.63666
1.63518
1.62444
1.64742
1.63872
1.65783
1.60769
1.66173
1.59488
1.62228
1.65755
1.69865
1.61723
1.6076
1.63034
1.58486
1.63128
1.56274
1.64421
1.60614
1.64702
1.61959
1.57521
1.61672
1.63676
1.64572
1.62348
1.61639
1.59819
1.67901
1.65584
1.60362
1.63206
1.63063
1.60572
1.6469
1.58565
1.61627
1.60962
1.63965
1.62382
1.62905
1.62226
1.616
1.64737
1.61713
1.67002
1.61001
1.6152
1.60179
1.62334
1.60012
1.59181
1.62743
1.60724
1.62448
1.64443
1.61824
1.62586
1.60871
1.63142
1.68603
1.60353
1.57468
1.61341
1.57383
1.64756
1.66364
1.59955
1.61376
1.61951
1.60262
1.60639
1.62608
1.65237
1.6256
1.62356
1.61721
1.63013
1.61347
1.61791
1.60959
1.66151
1.60047
1.65973
1.59653
1.61593
1.62697
1.60837
1.61037
1.66114
1.63372
1.62754
1.62275
1.60283
1.62358
1.63625
1.63647
1.58253
1.63859
1.66704
1.62836
1.66824
1.5903
1.65162
1.60284
1.68469
1.64244
1.62328
1.62458
1.57361
1.6247
1.62886
1.68054
1.59144
1.61142
1.62582
1.62795
1.65818
1.63795
1.63445
1.67907
1.65468
1.58816
1.65195
1.58703
1.65305
1.66357
1.62897
1.63381
1.63245
1.59153
1.66431
1.66666
1.64795
1.60328
1.64554
1.70721
1.66564
1.27313
1.62203
1.61975
1.614
1.64368
1.61907
1.59762
1.68171
1.6298
1.63986
1.6394
1.63906
1.61645
1.60024
1.62033
1.64589
1.62722
1.65991
1.66411
1.62587
1.62975
1.66603
1.64911
1.62011
1.59737
1.60878
1.63446
1.58753
1.65321
1.67985
1.64271
1.60553
1.63308
1.67252
1.64036
1.67479
1.66204
1.62075
1.64382
1.6048
1.6215
1.62239
1.65146
1.52027
1.62576
1.61607
1.64511
1.62221
1.63007
1.62409
1.63076
1.57508
1.67842
1.63301
1.62846
1.60957
1.68456
1.63478
1.66729
1.63875
1.65153
1.61828
1.6032
1.64096
1.62159
1.61403
1.65514
1.61484
1.62236
1.63334
1.63215
1.57124
1.62576
1.65074
1.6256
1.60777
1.6109
1.65355
1.64215
1.62628
1.60272
1.62077
1.63313
1.62658
1.66788
1.60725
1.62858
1.56584
1.60541
1.67037
1.69808
1.64373
1.71077
1.6139
1.68316
1.65815
1.64872
1.68338
1.65634
1.62516
1.62371
1.64119
1.63266
1.65741
1.60108
1.63787
1.6291
1.62068
1.65017
1.59934
1.62809
1.70229
1.64005
1.65667
1.62256
1.62901
1.62779
1.66225
1.64589
1.63735
1.62432
1.61498
1.65619
1.68556
1.61508
1.62299
1.66582
1.60591
1.64336
1.61569
1.65739
1.62494
1.61595
1.64871
1.6326
1.62216
1.63654
1.58933
1.60728
1.65843
1.65321
1.65289
1.61334
1.62679
1.59315
1.6344
1.60652
1.66933
1.61337
1.64616
1.63738
1.63511
1.63808
1.61897
1.67956
1.64533
1.66418
1.6469
1.63723
1.62026
1.64029
1.63847
1.61654
1.65637
1.6329
1.64265
1.64978
1.64831
1.66594
1.65392
1.69579
1.6516
1.64526
1.61792
1.65749
1.64961
1.60311
1.63951
1.57575
1.67393
1.62844
1.62941
1.64369
1.64954
1.6842
1.61414
1.62604
1.61652
1.66008
1.65582
1.63982
1.64617
1.6582
1.62818
1.63467
1.64834
1.62818
1.60658
1.65093
1.62209
1.62417
1.62668
1.65076
1.57172
1.60882
1.63746
1.65133
1.61605
1.61465
1.61348
1.6127
1.64818
1.61457
1.68929
1.62404
1.59692
1.59659
1.61526
1.66173
1.64668
1.62866
1.66436
1.60955
1.66847
1.64044
1.6352
1.65036
1.6498
1.61091
1.59049
1.63498
1.63333
1.67052
1.61942
1.68399
1.65233
1.66072
1.62628
1.62074
1.60693
1.6094
1.63709
1.67054
1.61338
1.64294
1.6428
1.64238
1.61832
1.6744
1.6364
1.65262
1.63614
1.61883
1.64329
1.59201
1.65741
1.67225
1.6681
1.61851
1.62783
1.66429
1.62775
1.64319
1.61133
1.65418
1.64338
1.6396
1.65075
1.67446
1.6662
1.60637
1.66
1.62901
1.63768
1.64998
1.60082
1.62733
1.60636
1.68785
1.62898
1.65524
1.67646
1.67287
1.64662
1.6532
1.59948
1.63174
1.59881
1.64345
1.65723
1.68055
1.64553
1.66197
1.6363
1.66517
1.68305
1.6206
1.64289
1.6357
1.60186
1.62913
1.68756
1.61233
1.61262
1.65678
1.60618
1.65894
1.61977
1.67689
1.67353
1.67706
1.57904
1.63402
1.63186
1.62152
1.62341
1.67275
1.69151
1.62886
1.64042
1.65809
1.63985
1.62451
1.59585
1.66271
1.66989
1.66725
1.65203
1.65758
1.59535
1.61789
1.67458
1.6195
1.68978
1.66424
1.72666
1.63198
1.57784
1.60421
1.63353
1.64389
1.64642
1.63871
1.5772
1.62332
1.65239
1.6067
1.64742
1.62396
1.65903
1.63428
1.67484
1.65973
1.65961
1.63233
1.7186
1.69145
1.63526
1.64506
1.68028
1.66243
1.67109
1.60288
1.65206
1.65046
1.66125
1.61927
1.63936
1.64761
1.61219
1.63817
1.61304
1.66564
1.66663
1.62912
1.64092
1.65461
1.71006
1.65348
1.71465
1.65106
1.61538
1.64637
1.64508
1.63505
1.65439
1.63379
1.64092
1.66243
1.68838
1.61774
1.63115
1.64731
1.62517
1.68374
1.6568
1.65654
1.65301
1.61825
1.67262
1.63663
1.65417
1.64227
1.65142
1.59947
1.66435
1.61858
1.67884
1.6351
1.62504
1.65556
1.60584
1.64791
1.65414
1.66086
1.64351
1.56812
1.64589
1.6502
1.63537
1.61166
1.64664
1.63852
1.7106
1.62926
1.63027
1.65131
1.60559
1.64217
1.66631
1.67508
1.64283
1.61908
1.64826
1.64333
1.62505
1.67688
1.58432
1.61201
1.62055
1.61723
1.63662
1.66966
1.59276
1.66848
1.68867
1.63795
1.65837
1.64001
1.64117
1.68354
1.63164
1.6453
1.64678
1.64184
1.61867
1.60386
1.65123
1.62492
1.64746
1.65649
1.63663
1.64292
1.64331
1.60555
1.68576
1.67234
1.62044
1.62862
1.59134
1.6789
1.67405
1.67595
1.62243
1.61226
1.6369
1.68541
1.65343
1.62554
1.67943
1.68537
1.62117
1.64714
1.64249
1.64482
1.62411
1.68282
1.62757
1.68846
1.61761
1.64503
1.65773
1.6797
1.6518
1.6218
1.67581
1.69174
1.64163
1.67628
1.67654
1.62834
1.63887
1.64741
1.62984
1.61969
1.6006
1.65282
1.66404
1.6121
1.67009
1.65629
1.65569
1.66468
1.64363
1.67729
1.6249
1.65504
1.62306
1.64732
1.73762
1.61611
1.66882
1.64937
1.70925
1.66609
1.66225
1.68349
1.72846
1.65438
1.67035
1.66513
1.62073
1.62954
1.66253
1.69311
1.63879
1.64819
1.6365
1.65789
1.62896
1.64491
1.66982
1.62173
1.6513
1.6219
1.68799
1.66712
1.71061
1.66793
1.63568
1.63695
1.68458
1.65504
1.64399
1.65361
1.65836
1.71427
1.64784
1.68805
1.68694
1.6367
1.67842
1.64102
1.64415
1.64812
1.6523
1.67574
1.69427
1.60995
1.66568
1.65532
1.65928
1.60845
1.69646
1.60258
1.72288
1.72562
1.66021
1.65027
1.61015
1.68593
1.62379
1.71128
1.68529
1.64574
1.65804
1.68702
1.68002
1.68034
1.66183
1.67626
1.66119
1.62221
1.65611
1.66773
1.66369
1.67888
1.6518
1.65056
1.65889
1.66274
1.60265
1.67651
1.62732
1.65096
1.64838
1.66235
1.70274
1.66887
1.63099
1.67889
1.60554
1.64935
1.65946
1.65743
1.62997
1.6259
1.65556
1.68057
1.67911
1.62514
1.69028
1.65745
1.65875
1.72388
1.6472
1.68222
1.64093
1.67607
1.69618
1.67455
1.65
1.69407
1.71682
1.6963
1.70135
1.65056
1.61336
1.6675
1.59697
1.66671
1.72813
1.66465
1.67146
1.6781
1.6513
1.64422
1.64572
1.61162
1.65407
1.72164
1.71707
1.6411
1.69377
1.70292
1.62109
1.70067
1.66914
1.64146
1.65062
1.70011
1.61798
1.64358
1.65049
1.68249
1.65518
1.62492
1.68912
1.65179
1.67614
1.64844
1.6369
1.63513
1.67344
1.62042
1.63782
1.61834
1.63545
1.65443
1.62398
1.64436
1.66434
1.62779
1.68638
1.64199
1.56996
1.63222
1.6548
1.63696
1.65504
1.66574
1.70929
1.63033
1.67905
1.6575
1.6564
1.65353
1.65418
1.62258
1.6128
1.63354
1.67723
1.63125
1.67612
1.66093
1.645
1.68985
1.636
1.65748
1.63407
1.66034
1.65335
1.57508
1.65064
1.65893
1.66736
1.61639
1.65281
1.64721
1.64444
1.63298
1.67383
1.66516
1.65444
1.6921
1.62018
1.65068
1.67864
1.60667
1.63555
1.6037
1.66747
1.68315
1.66697
1.67759
1.67257
1.60401
1.6562
1.64409
1.65974
1.65535
1.68124
1.60131
1.63959
1.64256
1.6921
1.67153
1.60949
1.6605
1.70723
1.62967
1.68189
1.68348
1.6363
1.64132
1.67616
1.6192
1.63437
1.67659
1.66164
1.67264
1.69235
1.667
1.66509
1.66965
1.61924
1.68216
1.68688
1.68551
1.65164
1.69341
1.65659
1.67315
1.6944
1.66521
1.6221
1.6754
1.6669
1.69522
1.6773
1.70433
1.7014
1.65689
1.71147
1.63747
1.70196
1.65028
1.65684
1.66097
1.68012
1.69198
1.70371
1.68366
1.66571
1.68568
1.72994
1.63275
1.65622
1.65917
1.67415
1.69368
1.63262
1.63796
1.62459
1.66603
1.67418
1.64991
1.6835
1.65571
1.62184
1.68955
1.70196
1.65897
1.68678
1.64246
1.68613
1.6877
1.64964
1.66421
1.67312
1.6584
1.68302
1.65331
1.65365
1.64185
1.65063
1.65804
1.64122
1.69088
1.64086
1.63726
1.65915
1.65607
1.71406
1.66828
1.71007
1.6438
1.65533
1.64846
1.69149
1.63592
1.64661
1.61921
1.65165
1.68284
1.64584
1.69305
1.63619
1.65666
1.67286
1.69136
1.68189
1.66429
1.64287
1.63721
1.65058
1.67995
1.63588
1.67146
1.61798
1.65345
1.64544
1.67429
1.68857
1.67245
1.69285
1.67599
1.64358
1.64766
1.63111
1.66907
1.67962
1.7019
1.70019
1.61858
1.69049
1.63232
1.62085
1.62834
1.61816
1.64454
1.64246
1.65198
1.64728
1.70458
1.66508
1.69642
1.68678
1.65244
1.67886
1.63694
1.68652
1.70855
1.64961
1.66422
1.67603
1.63331
1.61454
1.67142
1.66027
1.61386
1.65687
1.66278
1.6292
1.73199
1.66533
1.67708
1.66997
1.68606
1.68005
1.707
1.63049
1.71126
1.66171
1.70726
1.68245
1.68723
1.68431
1.68476
1.69029
1.65957
1.64265
1.65818
1.66315
1.67468
1.66316
1.6772
1.69565
1.6557
1.71972
1.61448
1.75356
1.65902
1.70288
1.65673
1.67008
1.67705
1.67987
1.69411
1.67715
1.65704
1.67012
1.65668
1.68902
1.70437
1.62855
1.68844
1.62465
1.69246
1.62895
1.67196
1.65538
1.6973
1.69732
1.71616
1.50761
1.68271
1.70729
1.64731
1.65185
1.68055
1.6601
1.6508
1.65453
1.67229
1.65822
1.68074
1.71933
1.69937
1.71113
1.65317
1.64439
1.68441
1.64769
1.63538
1.65032
1.70024
1.67285
1.69384
1.67051
1.63212
1.70764
1.66985
1.72501
1.67146
1.66148
1.65099
1.69913
1.66154
1.69214
1.65672
1.64229
1.62443
1.7189
1.65344
1.70089
1.64712
1.7053
1.70832
1.67829
1.70361
1.63914
1.62639
1.68457
1.67192
1.68371
1.69507
1.67375
1.63917
1.67436
1.67363
1.65948
1.66444
1.68028
1.69433
1.64061
1.6621
1.66351
1.67191
1.63654
1.72397
1.70031
1.6252
1.67038
1.65459
1.68113
1.70249
1.71657
1.6571
1.70239
1.6573
1.70454
1.63685
1.71252
1.6696
1.68425
1.69971
1.68027
1.68396
1.65051
1.62863
1.70058
1.64741
1.6959
1.6665
1.69275
1.66116
1.65066
1.68611
1.68275
1.71612
1.63893
1.67188
1.70156
1.70139
1.6892
1.67108
1.69228
1.6193
1.63269
1.67688
1.63477
1.68603
1.66561
1.69082
1.67793
1.67231
1.6382
1.68501
1.64645
1.66331
1.67807
1.71128
1.66889
1.64281
1.65549
1.69657
1.65851
1.69813
1.69308
1.63219
1.64924
1.66698
1.66074
1.65739
1.66988
1.69869
1.64311
1.67159
1.66492
1.7021
1.64565
1.6983
1.68199
1.68626
1.65218
1.66071
1.67285
1.67213
1.67246
1.66217
1.66631
1.67765
1.69177
1.68723
1.71789
1.6791
1.6785
1.67109
1.66932
1.70564
1.63256
1.71002
1.69624
1.62194
1.66477
1.68245
1.70334
1.695
1.67721
1.67061
1.71392
1.71128
1.6384
1.69248
1.63928
1.65994
1.69439
1.623
1.71826
1.66244
1.66781
1.68564
1.69172
1.65752
1.70757
1.70827
1.69582
1.69008
1.7142
1.70006
1.64711
1.65915
1.69898
1.66437
1.657
1.71392
1.65721
1.67503
1.68751
1.67162
1.72363
1.71386
1.67229
1.68122
1.72296
1.68236
1.64044
1.68002
1.68165
1.70275
1.71283
1.62288
1.66811
1.71901
1.70355
1.67254
1.69341
1.68366
1.65383
1.65162
1.72104
1.61074
1.66702
1.67037
1.73059
1.67976
1.66336
1.64923
1.74357
1.65368
1.6863
1.69139
1.67351
1.69548
1.65548
1.71125
1.69776
1.68786
1.66022
1.64785
1.64361
1.71065
1.64228
1.67089
1.68438
1.65123
1.67063
1.64111
1.70836
1.65307
1.70546
1.71455
1.69109
1.68153
1.69436
1.63274
1.66209
1.71377
1.69403
1.68916
1.67437
1.6494
1.64404
1.68672
1.69115
1.68495
1.6754
1.65473
1.6594
1.6268
1.67411
1.67671
1.65934
1.72836
1.69258
1.72107
1.67204
1.69914
1.67222
1.65274
1.65583
1.72897
1.68674
1.64954
1.64788
1.664
1.70724
1.70497
1.67079
1.70664
1.65837
1.6832
1.6838
1.67948
1.67059
1.66666
1.68473
1.69036
1.69095
1.70645
1.70951
1.6971
1.68839
1.71003
1.66074
1.70293
1.70858
1.67592
1.71233
1.67054
1.65611
1.65125
1.68729
1.64001
1.6544
1.65468
1.71843
1.66495
1.71153
1.66021
1.68177
1.72479
1.68603
1.63737
1.69219
1.70154
1.63835
1.695
1.68088
1.71476
1.68209
1.6622
1.70684
1.67675
1.67195
1.69518
1.67079
1.67712
1.65655
1.71132
1.68413
1.68594
1.66821
1.68488
1.69657
1.63566
1.69529
1.66796
1.70316
1.68957
1.66226
1.68883
1.70352
1.65958
1.68414
1.74487
1.71266
1.67497
1.66801
1.67079
1.73498
1.70947
1.71341
1.65132
1.70124
1.67507
1.67752
1.67833
1.71418
1.64813
1.66362
1.68372
1.67214
1.68826
1.69229
1.69281
1.70988
1.64879
1.68354
1.69675
1.75613
1.7217
1.67874
1.68233
1.66718
1.7267
1.68052
1.6456
1.69775
1.70596
1.70599
1.70482
1.67238
1.66809
1.67325
1.69612
1.70338
1.71672
1.69219
1.68295
1.6728
1.67406
1.67883
1.69061
1.68691
1.65333
1.67836
1.6917
1.69915
1.67751
1.68316
1.66732
1.67107
1.66022
1.69149
1.64209
1.6852
1.64855
1.69655
1.66624
1.68448
1.63043
1.64383
1.68748
1.68567
1.66432
1.68291
1.67514
1.71922
1.6354
1.69462
1.66331
1.64849
1.72978
1.70272
1.65097
1.66911
1.67556
1.65089
1.65058
1.66206
1.68209
1.68796
1.68374
1.71983
1.68375
1.69196
1.71005
1.64645
1.68668
1.6229
1.69994
1.66026
1.69494
1.66058
1.68572
1.69069
1.63957
1.68548
1.73212
1.67212
1.70519
1.68515
1.67856
1.69234
1.71853
1.72436
1.69715
1.70121
1.71357
1.6878
1.67135
1.72466
1.68757
1.70832
1.69103
1.67777
1.70267
1.72511
1.709
1.66894
1.71592
1.71664
1.70186
1.65071
1.70643
1.67225
1.72536
1.70515
1.70367
1.6843
1.70051
1.69927
1.7077
1.69332
1.70736
1.64661
1.71539
1.64842
1.7148
1.68626
1.68395
1.65428
1.67856
1.72312
1.73444
1.70981
1.74227
1.71567
1.69496
1.65809
1.66212
1.70555
1.72312
1.69631
1.69133
1.704
1.73442
1.66042
1.69161
1.70005
1.65695
1.66024
1.71507
1.70385
1.7065
1.71304
1.69769
1.72295
1.72256
1.72549
1.70663
1.67639
1.69345
1.66386
1.69663
1.65942
1.65131
1.69406
1.69825
1.69669
1.69879
1.61102
1.66428
1.68562
1.68941
1.70171
1.69572
1.69615
1.70118
1.68945
1.74371
1.68293
1.69609
1.67189
1.71502
1.67935
1.67839
1.70447
1.67101
1.70857
1.68101
1.7279
1.67557
1.67091
1.73146
1.64446
1.6853
1.69854
1.77074
1.68842
1.71432
1.67637
1.66956
1.69147
1.69805
1.73938
1.74073
1.64527
1.66966
1.646
1.71833
1.69479
1.71496
1.66994
1.65776
1.68358
1.70062
1.68826
1.67794
1.71558
1.67737
1.72949
1.67963
1.71412
1.7282
1.67681
1.70534
1.70816
1.70137
1.62559
1.72477
1.69332
1.70165
1.73569
1.66864
1.69806
1.70356
1.72602
1.68618
1.68127
1.6989
1.72267
1.68467
1.70047
1.67813
1.66699
1.72394
1.68188
1.69098
1.70748
1.69647
1.68058
1.67416
1.71479
1.67788
1.72245
1.70947
1.68263
1.68427
1.6706
1.62835
1.70837
1.68971
1.69748
1.68826
1.73946
1.6703
1.65336
1.68289
1.62545
1.70768
1.67141
1.70289
1.67086
1.69823
1.64405
1.68347
1.70548
1.70835
1.64958
1.71478
1.72476
1.6933
1.66552
1.66181
1.66982
1.68305
1.69739
1.75929
1.67833
1.71542
1.68404
1.72123
1.69569
1.69953
1.72042
1.70432
1.72118
1.62243
1.76085
1.73889
1.67647
1.75366
1.70698
1.68743
1.72384
1.70811
1.68166
1.72477
1.6812
1.7176
1.68554
1.70454
1.68201
1.69879
1.70464
1.6701
1.7137
1.74984
1.69014
1.69788
1.69502
1.69365
1.68056
1.66723
1.71268
1.69492
1.70818
1.6985
1.72768
1.67782
1.72516
1.71061
1.72302
1.61695
1.69451
1.6999
1.67543
1.72055
1.69567
1.69764
1.70958
1.65657
1.70848
1.68209
1.7278
1.70849
1.7213
1.71576
1.70439
1.68812
1.67779
1.6899
1.73371
1.72741
1.69502
1.73768
1.70196
1.73488
1.72652
1.67321
1.7256
1.7489
1.73045
1.69125
1.69139
1.72825
1.7124
1.69387
1.72628
1.70138
1.67465
1.66837
1.64758
1.70806
1.64059
1.70694
1.72713
1.68258
1.72291
1.65705
1.75584
1.69762
1.72655
1.74001
1.63001
1.67373
1.69631
1.74881
1.72148
1.71605
1.69471
1.66461
1.6985
1.64633
1.64693
1.7069
1.6334
1.70876
1.71344
1.64842
1.69281
1.77569
1.69457
1.68574
1.74065
1.74664
1.64597
1.67329
1.72415
1.69581
1.72487
1.6739
1.64137
1.69834
1.67556
1.68057
1.70852
1.67814
1.7034
1.67811
1.69344
1.69853
1.701
1.73306
1.66234
1.67314
1.69954
1.70572
1.71798
1.71751
1.69079
1.65837
1.69432
1.67087
1.70195
1.71761
1.69985
1.70165
1.67773
1.73668
1.66668
1.71398
1.69159
1.65962
1.70099
1.66913
1.67145
1.69093
1.71353
1.70074
1.70928
1.68595
1.74405
1.70347
1.74277
1.75555
1.67594
1.67237
1.65807
1.70398
1.6569
1.75167
1.71761
1.71839
1.70704
1.73379
1.68597
1.68532
1.69946
1.70032
1.68657
1.67165
1.67662
1.67198
1.65406
1.69969
1.69999
1.69582
1.70913
1.70685
1.72055
1.74993
1.67882
1.69781
1.69152
1.66202
1.67271
1.71015
1.6878
1.67672
1.71596
1.66353
1.68368
1.71744
1.69142
1.66964
1.75931
1.71518
1.64013
1.69939
1.74246
1.70962
1.72753
1.67975
1.65638
1.74361
1.67681
1.72929
1.72328
1.70187
1.70845
1.7414
1.67619
1.69995
1.69948
1.63456
1.71642
1.73897
1.71749
1.65407
1.64988
1.67638
1.66432
1.65956
1.69289
1.69145
1.71132
1.68295
1.73419
1.70736
1.69473
1.70282
1.67667
1.62255
1.69448
1.66569
1.66836
1.69601
1.72817
1.68416
1.68181
1.71611
1.70656
1.74932
1.69227
1.6848
1.74682
1.71024
1.71054
1.68743
1.68221
1.68114
1.67401
1.67552
1.69479
1.70994
1.6937
1.72054
1.67445
1.64111
1.66226
1.71316
1.69714
1.68306
1.70596
1.73682
1.71388
1.68487
1.72946
1.67324
1.7176
1.65775
1.6863
1.71057
1.69958
1.67122
1.70775
1.67569
1.68372
1.67175
1.70256
1.72874
1.73124
1.66844
1.72419
1.6897
1.68605
1.72722
1.69963
1.70236
1.70182
1.66911
1.69454
1.7176
1.67727
1.68423
1.72546
1.69549
1.68376
1.67136
1.70126
1.68427
1.69549
1.70501
1.71172
1.66436
1.67205
1.724
1.71449
1.73274
1.7634
1.73244
1.71067
1.73192
1.72153
1.70373
1.67446
1.74069
1.74152
1.67343
1.67898
1.68078
1.67678
1.70617
1.71746
1.71168
1.67714
1.73097
1.7133
1.7123
1.68019
1.71982
1.69617
1.6742
1.68354
1.72532
1.69506
